0	1,18,19,24,29,
1	1,24,
2	11,
3	45,
4	5,39,
5	9,
6	18,34,
7	42,27,12,
8	3,28,45,
9	10,
10	28,
11	38,43,46,
12	0,
13	16,43,
14	28,39,
15	21,
16	21,26,29,31,
17	1,16,
18	31,36,
19	5,
20	17,35,40,
21	18,
22	26,38,42,46,
23	4,
24	12,
25	17,25,28,37,
26	15,34,
27	38,40,49,
28	25,10,45,
29	3,14,
30	46,
31	8,
32	27,40,48,
33	21,
34	7,14,32,49,
35	6,10,25,35,41,48,
36	6,24,30,
37	19,23,38,42,
38	2,27,
39	7,
40	18,
41	32,18,1,
42	20,36,
43	48,
44	32,38,47,
45	20,36,
46	26,34,48,
47	25,32,
48	32,
49	11,18,40,46,
50	24,
51	30,44,
52	33,46,
53	5,21,35,42,
54	40,
55	18,27,
56	0,7,23,
57	13,
58	18,46,
59	22,42,43,
60	16,31,36,37,38,
61	23,
62	11,39,43,
63	26,
64	13,42,
65	46,
66	0,22,33,
67	29,6,
68	32,47,
69	36,
70	21,34,
71	15,27,44,
72	20,36,
73	17,38,47,
74	12,13,
75	45,9,
76	21,33,
77	15,26,29,
78	19,27,
79	7,37,
80	28,
81	8,9,15,23,
82	3,
83	2,36,
84	6,35,39,44,
85	28,39,
86	3,8,21,42,
87	3,12,
88	28,34,
89	45,42,
90	37,41,
91	10,47,
92	1,
93	1,
94	30,43,
95	14,24,34,38,48,
96	14,
97	36,43,
98	47,
99	11,18,
100	34,
101	9,30,
102	17,
103	13,19,42,48,
104	24,39,
105	8,32,48,
106	32,
107	12,
108	5,
109	11,13,
110	11,35,43,
111	33,47,48,
112	27,29,41,42,
113	0,
114	3,
115	21,
116	49,
117	47,
118	47,2,27,
119	19,36,46,
120	13,14,7,
121	1,25,
122	31,40,
123	27,33,
124	8,35,
125	27,31,34,
126	25,
127	32,48,
128	41,
129	7,14,
130	32,48,
131	42,
132	11,
133	20,34,
134	13,15,31,36,43,
135	27,30,36,
136	8,
137	19,26,
138	2,
139	18,28,
140	11,44,48,
141	15,46,
142	46,
143	19,
144	0,10,21,48,
145	6,23,
146	11,18,
147	31,
148	42,43,
149	36,
150	19,48,
151	14,18,30,
152	7,
153	7,18,
154	0,17,
155	8,
156	8,9,43,
157	49,
158	9,
159	17,
160	8,
161	7,9,40,45,
162	14,29,47,
163	1,44,
164	12,27,42,
165	12,
166	18,44,
167	21,44,
168	7,10,41,
169	13,19,26,
170	11,
171	18,29,30,
172	18,
173	25,26,
174	0,10,12,35,
175	10,20,24,26,
176	18,26,
177	20,29,35,
178	39,
179	16,19,22,
180	33,48,
181	36,
182	35,48,
183	27,
184	0,3,9,42,
185	49,
186	40,
187	17,
188	15,23,43,
189	30,15,
190	4,
191	13,15,
192	2,22,35,
193	7,12,29,42,
194	4,8,
195	13,
196	29,
197	8,
198	26,
199	22,33,
200	9,14,45,
201	35,
202	29,44,
203	14,24,49,
204	17,27,
205	31,17,
206	38,
207	43,
208	19,30,33,
209	0,22,27,37,
210	5,35,2,
211	37,
212	1,9,49,
213	1,47,12,
214	27,
215	9,40,43,
216	36,42,
217	12,22,47,
218	1,19,11,
219	3,43,
220	48,
221	20,24,34,37,41,
222	37,
223	4,
224	20,25,43,
225	6,15,16,
226	2,18,22,
227	37,40,
228	4,23,40,45,
229	10,34,
230	26,
231	11,21,44,
232	25,27,29,
233	1,26,34,41,
234	35,
235	23,
236	8,26,
237	20,22,
238	2,22,
239	8,
240	12,25,
241	14,
242	16,35,37,39,
243	0,
244	6,
245	1,30,
246	15,24,
247	37,
248	36,44,46,
249	9,13,41,
250	26,36,
251	18,35,48,
252	32,33,34,
253	1,27,
254	10,24,48,
255	19,
256	22,30,
257	8,41,42,
258	10,38,
259	6,19,
260	44,15,43,
261	6,10,15,40,
262	6,
263	19,
264	6,15,16,27,
265	37,
266	27,1,
267	6,7,13,28,35,
268	4,47,
269	30,
270	42,1,
271	29,
272	47,
273	21,
274	10,43,
275	35,40,
276	24,33,44,
277	0,12,45,
278	10,
279	24,
280	39,45,
281	13,
282	42,14,9,
283	24,
284	15,
285	0,2,
286	0,
287	42,
288	27,45,
289	18,21,24,36,45,
290	22,
291	28,37,38,44,
292	1,
293	0,1,
294	14,43,
295	13,18,
296	33,
297	24,
298	11,24,25,38,
299	4,
300	30,40,
301	13,
302	11,17,30,41,
303	13,19,
304	14,
305	16,39,46,
306	21,44,
307	4,22,33,
308	4,7,29,32,38,42,
309	13,
310	4,12,41,
311	3,40,
312	12,15,20,29,38,
313	18,
314	15,
315	22,49,
316	21,44,
317	22,38,
318	0,12,16,
319	6,23,30,
320	40,31,19,
321	19,37,
322	42,
323	19,48,
324	19,43,
325	15,29,34,49,
326	9,35,
327	24,
328	8,16,18,47,
329	9,
330	17,34,49,
331	1,43,
332	0,
333	7,14,34,
334	13,46,
335	21,
336	34,
337	18,34,48,
338	15,31,37,39,
339	9,
340	8,9,
341	0,21,
342	5,
343	8,26,27,30,
344	35,
345	6,8,11,17,
346	8,
347	18,36,45,
348	1,20,
349	35,
350	47,48,
351	23,
352	7,47,
353	49,
354	21,
355	32,
356	12,33,49,
357	4,19,27,35,38,
358	13,
359	38,42,45,
360	22,27,
361	7,35,
362	16,
363	18,27,37,
364	28,48,
365	3,8,42,46,
366	35,39,45,
367	16,17,20,35,
368	1,35,47,49,
369	1,6,21,38,39,49,
370	6,33,
371	16,26,36,
372	47,49,
373	33,
374	1,
375	14,
376	46,48,12,
377	9,10,12,33,42,43,
378	21,43,
379	9,
380	5,28,31,39,
381	3,31,
382	8,41,
383	34,
384	8,22,49,
385	35,
386	32,38,
387	18,6,
388	8,19,24,40,
389	25,31,43,
390	45,8,
391	18,
392	38,37,
393	20,27,
394	20,41,45,48,
395	20,28,30,48,
396	47,14,
397	8,
398	31,
399	43,46,24,
400	18,31,
401	9,10,24,
402	26,
403	30,
404	47,
405	6,19,
406	6,34,
407	41,
408	4,9,17,
409	22,
410	44,
411	6,10,18,
412	29,
413	11,
414	3,31,38,
415	20,27,36,40,41,
416	15,26,37,
417	12,
418	10,11,
419	31,32,
420	7,11,12,
421	26,
422	22,32,
423	1,3,20,45,
424	15,19,28,
425	26,42,
426	34,37,47,
427	28,35,47,
428	24,
429	25,28,
430	1,3,7,
431	30,32,
432	8,22,40,
433	9,26,48,
434	13,19,
435	19,23,32,
436	42,
437	2,36,38,
438	0,
439	49,
440	1,38,
441	38,42,
442	32,38,39,
443	14,46,
444	10,21,26,37,47,
445	9,26,28,
446	18,24,31,37,
447	7,31,32,34,
448	23,34,42,
449	27,40,42,
450	13,19,22,26,27,30,35,
451	5,18,33,36,
452	1,9,18,
453	39,
454	13,
455	15,41,48,49,
456	18,23,44,
457	36,
458	26,46,
459	13,18,48,
460	43,
461	4,29,47,
462	26,
463	34,
464	25,38,
465	1,6,10,14,17,
466	28,47,
467	17,19,44,
468	0,2,11,20,
469	1,14,26,30,
470	2,8,17,36,
471	4,24,
472	1,41,
473	39,46,
474	0,
475	15,25,31,42,
476	19,
477	0,
478	1,4,20,38,42,46,
479	23,
480	9,
481	35,
482	11,43,
483	20,29,
484	20,38,
485	12,34,39,
486	34,40,
487	1,24,42,
488	1,13,19,29,37,
489	0,6,24,
490	24,
491	1,3,10,
492	18,45,
493	41,0,31,
494	23,
495	7,8,
496	10,22,25,40,
497	40,
498	37,38,
499	34,
500	3,39,
501	44,
502	4,7,18,
503	46,47,
504	24,38,
505	1,18,43,
506	35,42,46,
507	7,27,
508	45,47,6,
509	41,43,48,
510	28,42,
511	4,16,
512	19,28,39,
513	38,
514	8,22,27,
515	29,
516	18,32,
517	27,
518	35,45,
519	13,15,16,
520	12,30,43,
521	1,5,18,
522	23,37,
523	23,29,
524	10,
525	12,38,39,44,
526	29,37,10,
527	38,
528	18,41,
529	7,
530	39,49,
531	26,
532	13,39,
533	6,27,
534	4,
535	25,30,35,44,
536	18,44,45,
537	27,
538	19,20,42,
539	8,20,39,
540	18,34,
541	1,31,38,43,
542	3,12,17,29,
543	35,37,38,
544	1,37,44,
545	24,
546	13,18,24,44,
547	12,16,
548	2,12,
549	29,
550	24,44,
551	3,27,32,46,
552	22,
553	14,21,32,45,48,
554	49,
555	8,9,12,30,32,
556	13,
557	5,46,
558	15,18,
559	7,27,43,
560	8,33,
561	7,37,40,
562	9,42,45,
563	22,26,45,
564	20,48,3,
565	4,15,26,30,32,36,49,
566	10,37,
567	3,
568	35,
569	28,14,6,
570	2,21,
571	18,33,
572	4,25,43,44,
573	6,11,
574	2,13,14,18,37,40,44,
575	8,23,28,35,48,
576	33,
577	16,
578	27,
579	0,1,16,
580	4,11,
581	7,30,34,36,42,44,
582	3,24,
583	5,7,17,24,
584	18,19,23,
585	19,25,
586	3,9,27,
587	5,24,28,34,46,
588	10,18,30,
589	23,47,
590	24,35,
591	18,22,
592	31,34,
593	0,
594	1,
595	2,20,23,42,
596	12,36,
597	18,42,
598	12,44,46,49,
599	0,6,22,30,
600	33,
601	18,
602	47,
603	7,10,11,20,27,31,
604	8,
605	2,48,
606	8,12,24,
607	7,14,21,22,
608	23,32,36,38,
609	5,29,
610	32,36,
611	43,
612	11,41,
613	22,24,30,38,40,43,
614	42,
615	3,42,
616	15,23,34,
617	0,15,17,29,38,41,43,46,
618	1,
619	11,21,25,30,
620	25,38,
621	19,38,
622	37,
623	40,48,
624	0,15,25,31,36,
625	12,13,
626	0,
627	43,
628	18,
629	44,
630	7,26,34,39,46,
631	8,49,
632	7,12,14,
633	5,
634	1,3,13,28,33,
635	4,6,32,34,
636	31,
637	25,26,42,46,
638	7,9,11,13,28,49,
639	6,7,23,35,
640	24,44,46,
641	20,
642	24,
643	7,42,
644	27,28,46,
645	8,
646	1,29,31,33,
647	0,37,
648	1,
649	6,9,13,35,
650	7,11,37,38,49,
651	43,15,42,
652	14,32,43,
653	36,
654	20,1,
655	24,39,
656	14,43,49,
657	2,12,
658	3,6,16,29,31,37,39,43,
659	5,15,
660	29,47,
661	23,27,29,30,
662	9,
663	18,
664	3,27,46,
665	16,
666	32,
667	11,16,45,
668	7,23,43,46,
669	27,
670	3,34,
671	36,38,
672	25,28,
673	49,
674	44,
675	33,38,
676	36,
677	24,
678	25,26,40,
679	8,
680	27,
681	26,36,40,43,
682	16,28,36,
683	4,32,47,
684	3,29,34,48,
685	32,30,
686	38,48,
687	7,27,29,
688	28,48,
689	25,
690	42,48,
691	1,37,44,
692	4,7,16,
693	20,
694	19,
695	7,15,
696	46,
697	36,43,
698	24,
699	46,
700	5,29,
701	24,37,
702	29,42,
703	18,
704	46,
705	1,15,17,
706	30,38,
707	0,21,25,
708	18,23,43,
709	0,5,42,
710	43,36,
711	0,9,
712	7,30,
713	9,
714	42,
715	35,
716	6,9,14,18,31,
717	9,
718	5,44,46,
719	19,36,
720	2,31,34,39,
721	19,29,41,48,
722	27,41,
723	6,18,27,40,45,
724	37,41,48,
725	28,20,
726	28,
727	19,
728	36,44,
729	28,
730	41,24,
731	49,
732	18,46,
733	44,
734	18,24,47,
735	37,
736	18,
737	20,25,46,
738	6,43,46,
739	23,
740	30,
741	21,37,48,
742	27,44,
743	16,
744	15,45,46,47,48,
745	4,27,37,
746	22,
747	10,42,21,
748	4,6,23,27,43,
749	7,
750	18,45,
751	20,
752	1,10,41,46,
753	4,
754	27,
755	13,
756	40,41,48,
757	21,36,
758	20,49,
759	9,47,
760	25,
761	34,3,0,
762	14,22,24,
763	28,
764	28,34,
765	12,49,
766	4,39,
767	20,33,
768	16,
769	5,
770	0,9,19,48,
771	17,
772	24,36,42,
773	4,35,
774	1,6,
775	12,24,29,
776	7,
777	29,47,
778	30,45,
779	32,42,46,
780	38,32,22,
781	13,
782	47,
783	3,5,36,41,
784	38,
785	7,42,
786	44,46,
787	15,34,
788	19,27,32,
789	19,
790	11,
791	3,4,11,19,49,
792	22,
793	41,42,48,
794	1,12,21,25,
795	0,24,
796	15,29,48,
797	8,
798	16,42,
799	3,13,34,
800	27,30,
801	12,16,25,49,
802	35,
803	3,29,
804	34,44,47,
805	40,
806	3,8,45,
807	24,
808	15,49,
809	1,32,47,
810	9,
811	6,7,14,25,37,
812	10,19,
813	13,41,
814	8,
815	28,34,
816	5,36,
817	5,40,
818	1,25,41,
819	14,22,
820	24,
821	11,12,32,34,44,
822	9,10,11,18,24,29,
823	7,13,35,
824	20,45,
825	36,42,
826	2,
827	1,26,29,31,
828	18,35,48,
829	3,11,35,38,
830	3,22,26,
831	9,13,24,
832	31,
833	0,
834	5,19,40,
835	17,23,42,
836	8,
837	2,34,36,
838	5,18,
839	0,18,49,
840	15,22,27,
841	8,48,32,
842	18,
843	37,44,
844	1,4,35,
845	4,
846	8,20,
847	18,39,
848	40,
849	10,20,29,
850	3,47,
851	24,44,48,
852	18,20,
853	8,
854	25,
855	1,37,
856	5,20,22,
857	10,
858	0,
859	14,
860	8,20,
861	0,26,
862	8,47,42,
863	25,33,38,
864	6,30,
865	47,
866	13,23,29,
867	1,9,15,46,
868	20,24,
869	1,17,22,
870	0,31,
871	3,21,22,45,
872	12,17,
873	9,
874	19,45,
875	2,20,
876	12,18,23,
877	46,
878	8,10,14,39,
879	13,14,25,30,
880	5,20,38,
881	16,
882	1,24,
883	17,
884	3,12,40,
885	37,48,
886	4,17,
887	18,
888	24,27,
889	1,8,36,
890	15,19,42,
891	21,45,
892	16,34,
893	12,
894	2,5,26,41,44,
895	12,29,
896	0,33,41,47,
897	40,
898	35,
899	31,35,
900	13,32,
901	33,42,43,
902	29,
903	1,37,
904	10,
905	10,46,
906	0,5,16,31,
907	18,
908	0,19,21,24,47,49,
909	3,6,31,43,
910	26,34,
911	6,20,
912	35,
913	40,
914	16,
915	7,19,29,
916	12,21,31,37,44,
917	39,
918	14,28,
919	37,
920	26,45,
921	18,
922	6,
923	21,34,
924	4,
925	3,20,43,
926	7,17,49,
927	12,26,
928	3,5,15,
929	5,27,29,
930	3,15,
931	42,
932	16,42,45,
933	5,
934	3,18,45,
935	12,28,45,
936	0,8,32,
937	39,
938	5,7,8,38,39,
939	40,
940	38,
941	28,48,
942	42,
943	14,27,49,
944	18,
945	46,
946	24,29,32,
947	20,
948	47,
949	2,
950	32,39,43,
951	2,29,
952	14,18,33,
953	18,
954	20,41,
955	15,19,
956	3,12,18,21,23,24,28,
957	1,2,38,49,
958	11,39,
959	8,20,
960	45,
961	13,28,
962	11,20,31,48,
963	17,33,
964	30,36,
965	19,26,
966	14,
967	26,
968	26,
969	30,
970	31,
971	12,27,31,43,
972	23,27,39,
973	6,
974	2,36,
975	13,32,33,
976	10,
977	4,45,
978	21,42,49,
979	3,41,
980	43,48,
981	8,10,27,38,42,
982	5,15,
983	27,
984	2,12,
985	39,
986	11,28,38,
987	19,
988	9,38,43,
989	28,
990	24,34,47,
991	23,
992	19,20,44,
993	7,15,38,
994	45,47,
995	8,29,30,
996	32,
997	6,
998	39,
999	3,4,
1000	1,6,25,
1001	33,
1002	5,22,6,
1003	1,20,
1004	31,
1005	42,43,45,49,
1006	0,21,49,
1007	9,
1008	11,
1009	26,32,46,
1010	15,21,
1011	18,32,
1012	44,47,
1013	29,
1014	20,42,
1015	1,33,
1016	1,14,38,
1017	0,
1018	5,27,36,
1019	17,34,
1020	13,17,
1021	9,15,
1022	7,12,26,29,
1023	18,38,
1024	6,37,38,
1025	9,22,38,
1026	16,18,
1027	27,3,5,
1028	16,19,20,46,
1029	28,36,
1030	26,
1031	30,
1032	6,38,47,
1033	38,
1034	27,30,49,
1035	27,31,
1036	16,21,38,
1037	32,39,48,
1038	7,8,
1039	7,39,
1040	1,25,27,
1041	7,38,48,
1042	23,40,42,
1043	2,15,35,38,39,
1044	2,22,
1045	29,2,
1046	1,22,
1047	6,11,18,26,32,49,
1048	36,
1049	4,45,
1050	26,
1051	0,37,38,
1052	4,5,36,47,
1053	43,
1054	30,11,
1055	7,
1056	1,7,
1057	10,
1058	8,23,
1059	7,16,35,40,
1060	15,23,
1061	48,
1062	22,28,
1063	20,
1064	24,
1065	2,
1066	23,
1067	8,19,34,
1068	20,28,30,
1069	11,19,
1070	26,46,
1071	23,
1072	34,
1073	4,32,40,
1074	4,9,26,36,43,
1075	8,31,40,
1076	1,25,27,30,
1077	48,
1078	13,
1079	14,
1080	29,
1081	24,26,
1082	18,23,29,
1083	12,15,
1084	0,13,20,
1085	24,40,44,
1086	2,15,33,37,
1087	23,
1088	34,35,46,48,
1089	28,49,
1090	13,
1091	22,24,40,
1092	7,29,
1093	14,15,17,23,27,40,
1094	5,9,29,
1095	5,
1096	10,31,
1097	5,
1098	22,29,
1099	24,
1100	1,21,
1101	5,45,
1102	47,
1103	19,
1104	17,20,21,22,
1105	40,41,
1106	1,21,
1107	25,
1108	7,
1109	42,
1110	26,
1111	8,
1112	0,18,20,
1113	5,
1114	10,22,
1115	4,9,33,
1116	38,
1117	42,
1118	8,14,
1119	2,26,
1120	19,44,
1121	29,
1122	2,9,17,25,
1123	4,12,21,33,40,46,
1124	34,
1125	29,30,48,
1126	23,48,
1127	7,15,30,32,
1128	29,45,
1129	26,31,
1130	1,6,23,49,
1131	12,13,19,
1132	23,28,34,45,
1133	8,18,22,25,
1134	4,26,29,
1135	9,
1136	5,
1137	3,
1138	22,
1139	12,
1140	4,14,
1141	41,
1142	1,
1143	0,9,11,12,
1144	13,26,43,
1145	9,16,38,
1146	16,40,
1147	1,
1148	13,
1149	16,
1150	19,39,
1151	40,48,
1152	17,27,28,38,
1153	16,38,42,
1154	47,
1155	49,
1156	8,23,43,49,
1157	4,17,40,
1158	37,
1159	29,
1160	34,24,41,
1161	0,4,21,
1162	33,
1163	9,18,31,
1164	15,34,
1165	11,18,47,
1166	7,38,44,
1167	18,
1168	1,8,32,36,37,47,
1169	9,41,43,47,
1170	36,
1171	34,
1172	20,
1173	38,
1174	8,27,40,
1175	8,26,
1176	7,19,32,34,48,
1177	13,25,
1178	21,
1179	12,
1180	22,
1181	1,15,37,38,
1182	19,39,
1183	19,29,31,
1184	0,
1185	14,
1186	13,
1187	38,
1188	46,
1189	3,46,
1190	9,49,
1191	5,21,28,42,43,
1192	3,10,16,27,
1193	1,21,27,
1194	2,20,
1195	11,26,
1196	45,16,38,
1197	28,42,
1198	5,34,
1199	4,41,
1200	16,
1201	0,7,46,47,
1202	11,21,
1203	24,
1204	33,
1205	30,36,
1206	17,23,30,
1207	27,41,
1208	19,30,44,
1209	0,14,26,
1210	24,37,
1211	0,21,35,
1212	25,33,
1213	22,
1214	15,42,
1215	28,38,41,
1216	49,
1217	1,42,40,
1218	4,16,
1219	21,
1220	27,
1221	43,
1222	37,
1223	6,35,36,
1224	26,
1225	11,38,
1226	17,21,
1227	13,35,46,48,
1228	5,28,34,48,
1229	5,17,
1230	25,30,45,49,
1231	3,25,27,
1232	34,35,
1233	8,40,
1234	10,27,42,48,
1235	34,
1236	44,30,
1237	34,
1238	37,2,
1239	1,41,
1240	23,37,41,
1241	7,19,39,
1242	1,4,16,17,
1243	5,27,
1244	46,48,
1245	11,
1246	9,13,14,16,27,
1247	1,5,18,32,
1248	3,42,
1249	25,
1250	43,
1251	16,20,21,30,
1252	19,31,38,48,
1253	13,23,29,
1254	27,
1255	2,6,10,20,49,
1256	12,20,34,41,48,49,
1257	24,34,49,
1258	7,13,34,
1259	2,21,24,36,44,
1260	4,8,
1261	3,25,39,
1262	11,
1263	6,15,
1264	7,14,30,
1265	19,
1266	18,27,
1267	49,
1268	18,
1269	8,30,
1270	4,7,
1271	27,41,32,
1272	35,44,46,
1273	39,
1274	4,23,13,
1275	4,34,44,47,
1276	5,10,16,21,43,
1277	2,
1278	20,24,
1279	21,
1280	45,
1281	3,7,38,42,
1282	49,
1283	14,42,
1284	40,
1285	14,
1286	0,41,
1287	30,
1288	35,
1289	23,34,
1290	6,10,13,
1291	6,49,
1292	5,8,30,36,
1293	3,49,
1294	29,33,
1295	24,39,
1296	40,46,
1297	4,8,32,
1298	19,25,27,
1299	47,49,19,
1300	24,
1301	8,10,
1302	21,35,47,
1303	14,27,
1304	31,
1305	13,24,41,
1306	37,38,
1307	8,13,
1308	7,12,37,49,
1309	37,
1310	13,14,22,
1311	2,11,15,
1312	26,
1313	5,18,19,32,37,
1314	2,19,
1315	2,43,45,
1316	16,19,24,
1317	27,
1318	27,29,46,
1319	14,37,38,
1320	6,7,22,28,
1321	20,27,
1322	11,
1323	32,
1324	9,38,41,
1325	13,24,
1326	26,40,34,
1327	41,42,
1328	29,31,41,
1329	25,26,
1330	2,31,34,41,42,
1331	19,27,28,
1332	44,8,
1333	1,6,17,
1334	21,1,32,
1335	9,23,27,31,35,36,
1336	37,46,
1337	17,36,
1338	5,24,31,35,46,
1339	3,6,7,
1340	0,12,39,46,
1341	7,46,49,
1342	31,18,
1343	46,47,
1344	20,
1345	13,36,
1346	21,
1347	29,36,37,
1348	15,42,
1349	11,12,30,
1350	6,7,32,44,
1351	4,8,39,
1352	3,21,30,38,49,
1353	39,45,
1354	7,24,
1355	15,22,
1356	42,
1357	39,4,
1358	4,28,32,
1359	19,21,36,
1360	28,44,46,
1361	34,44,
1362	6,
1363	13,19,23,30,46,
1364	7,17,21,23,38,
1365	28,
1366	33,
1367	20,29,
1368	3,36,44,
1369	0,14,
1370	11,42,
1371	38,
1372	17,48,
1373	6,12,49,
1374	39,47,1,
1375	9,47,
1376	0,9,31,47,
1377	38,
1378	18,22,35,46,
1379	4,9,15,20,36,44,
1380	7,21,
1381	36,
1382	14,
1383	23,37,43,
1384	3,
1385	1,7,8,31,
1386	24,
1387	1,18,
1388	0,6,48,
1389	17,
1390	48,
1391	13,
1392	15,23,41,
1393	39,40,42,46,
1394	1,5,15,36,
1395	4,
1396	8,
1397	42,
1398	1,6,37,
1399	34,
1400	0,16,1,
1401	30,
1402	22,
1403	49,
1404	37,46,
1405	17,28,
1406	20,27,
1407	25,
1408	46,15,
1409	22,28,
1410	13,32,
1411	32,
1412	6,
1413	11,
1414	1,41,
1415	30,40,43,
1416	14,39,48,
1417	18,20,32,44,47,
1418	18,
1419	19,26,45,
1420	11,19,38,
1421	29,34,
1422	27,38,
1423	34,
1424	12,26,33,43,
1425	12,
1426	27,
1427	13,15,14,
1428	9,2,
1429	27,37,49,
1430	39,
1431	3,
1432	40,12,46,
1433	14,21,
1434	39,49,
1435	36,
1436	3,22,41,
1437	48,
1438	2,10,33,38,48,
1439	0,33,
1440	34,27,
1441	5,31,32,47,
1442	1,38,
1443	16,27,29,38,
1444	1,
1445	13,21,48,
1446	9,18,
1447	1,12,17,31,47,
1448	43,49,
1449	8,16,40,
1450	4,24,28,
1451	2,
1452	6,38,41,
1453	10,27,
1454	7,48,
1455	49,
1456	5,30,
1457	9,13,43,
1458	3,
1459	31,44,47,
1460	3,30,35,
1461	34,
1462	15,
1463	4,8,
1464	40,
1465	4,10,
1466	28,
1467	15,20,24,27,
1468	6,11,22,30,32,
1469	32,42,23,
1470	6,
1471	0,32,49,
1472	1,0,32,
1473	8,27,31,
1474	6,20,22,46,47,
1475	2,
1476	10,11,
1477	17,
1478	24,
1479	42,44,
1480	35,
1481	25,32,
1482	4,18,20,
1483	34,
1484	12,42,
1485	16,28,
1486	11,
1487	24,39,
1488	36,
1489	9,47,23,
1490	32,34,
1491	3,20,29,45,
1492	5,17,36,
1493	17,
1494	6,35,
1495	15,19,24,37,
1496	1,4,9,20,42,44,45,
1497	7,26,
1498	12,
1499	36,
1500	27,28,
1501	17,22,
1502	5,40,
1503	2,13,18,31,48,
1504	16,24,26,
1505	23,22,12,
1506	12,40,
1507	41,44,
1508	32,
1509	9,10,47,
1510	12,
1511	34,35,42,
1512	2,22,
1513	7,41,
1514	31,47,
1515	10,38,
1516	23,
1517	36,
1518	27,28,32,44,
1519	21,
1520	1,8,
1521	14,32,42,
1522	15,32,44,
1523	31,
1524	12,32,35,45,
1525	15,
1526	23,30,
1527	6,14,31,
1528	28,
1529	22,
1530	5,26,35,
1531	7,27,
1532	0,49,
1533	23,24,
1534	34,42,43,
1535	23,41,
1536	2,
1537	9,10,29,43,
1538	20,31,49,
1539	37,40,
1540	1,6,17,35,39,
1541	11,13,46,
1542	21,26,
1543	37,45,
1544	1,20,
1545	20,23,25,35,37,
1546	9,14,37,
1547	31,43,48,
1548	35,
1549	14,29,
1550	25,46,
1551	2,7,10,
1552	33,
1553	14,27,41,
1554	21,24,26,45,
1555	20,22,
1556	32,
1557	49,
1558	13,
1559	13,
1560	29,41,
1561	28,30,
1562	4,7,26,
1563	12,43,
1564	4,22,48,
1565	35,45,
1566	11,
1567	17,
1568	6,40,
1569	3,
1570	26,
1571	1,7,42,
1572	10,
1573	9,40,44,
1574	12,17,47,
1575	15,48,
1576	3,13,18,43,
1577	2,9,18,30,42,
1578	39,
1579	9,17,45,
1580	47,14,42,
1581	0,35,46,47,
1582	10,8,36,
1583	1,21,27,
1584	47,
1585	24,25,28,43,47,
1586	29,43,
1587	7,
1588	49,
1589	17,30,49,
1590	48,
1591	20,
1592	21,36,39,
1593	5,18,36,
1594	11,24,
1595	1,19,29,
1596	47,
1597	7,29,40,42,
1598	22,28,47,
1599	1,35,
1600	10,17,21,30,41,46,
1601	9,
1602	7,15,
1603	28,33,40,
1604	7,21,23,36,48,
1605	47,
1606	27,44,
1607	39,5,
1608	0,17,
1609	1,4,
1610	23,
1611	16,
1612	46,
1613	19,27,
1614	36,32,22,
1615	2,22,25,39,
1616	9,26,
1617	16,35,40,
1618	1,
1619	36,
1620	6,
1621	24,
1622	13,48,
1623	6,40,
1624	3,33,
1625	7,
1626	19,
1627	27,
1628	28,43,
1629	24,26,46,
1630	5,33,
1631	35,46,
1632	8,27,40,
1633	24,
1634	14,39,42,
1635	17,25,36,43,44,49,
1636	46,
1637	3,4,29,
1638	39,
1639	9,
1640	0,
1641	20,43,
1642	14,47,
1643	11,7,
1644	34,
1645	6,
1646	3,34,
1647	29,25,4,
1648	36,
1649	6,30,41,
1650	11,23,40,
1651	7,16,
1652	25,30,36,
1653	4,12,
1654	46,6,1,
1655	25,31,43,
1656	1,18,29,43,
1657	23,46,
1658	10,
1659	34,25,42,
1660	12,20,33,
1661	23,49,
1662	6,23,39,
1663	13,17,47,
1664	13,31,
1665	21,
1666	14,23,30,46,
1667	32,
1668	4,32,44,47,
1669	6,
1670	25,
1671	10,
1672	26,27,
1673	8,31,7,
1674	2,20,42,
1675	28,8,
1676	0,36,
1677	3,36,
1678	15,35,48,
1679	23,
1680	42,13,30,
1681	19,
1682	11,17,28,31,
1683	25,36,
1684	24,
1685	1,12,30,36,
1686	2,7,12,
1687	21,22,36,
1688	48,
1689	35,
1690	18,
1691	3,16,43,
1692	10,13,24,25,32,
1693	20,41,
1694	17,21,
1695	30,25,26,
1696	9,24,42,
1697	11,
1698	24,
1699	10,12,19,32,
1700	27,40,
1701	23,30,36,46,
1702	8,
1703	35,39,
1704	46,
1705	36,46,
1706	10,21,31,
1707	2,34,39,48,
1708	27,34,
1709	3,16,42,43,
1710	31,38,
1711	26,14,10,
1712	41,
1713	1,
1714	36,
1715	40,
1716	23,31,40,
1717	42,
1718	19,20,23,29,30,33,
1719	2,30,42,
1720	9,26,42,
1721	27,
1722	2,
1723	16,
1724	43,
1725	40,
1726	45,43,
1727	10,17,46,
1728	6,37,
1729	20,29,
1730	37,
1731	22,28,48,
1732	5,7,19,40,
1733	1,
1734	8,
1735	29,
1736	0,14,36,
1737	12,
1738	15,20,30,
1739	2,6,23,
1740	5,37,
1741	14,29,36,
1742	7,12,
1743	42,
1744	14,
1745	8,16,28,
1746	7,25,27,
1747	17,42,
1748	33,46,
1749	27,28,
1750	6,44,
1751	35,25,
1752	44,
1753	11,
1754	15,37,
1755	49,31,
1756	41,
1757	5,23,
1758	32,34,42,
1759	13,43,
1760	0,45,
1761	31,33,
1762	9,28,
1763	12,15,
1764	23,35,
1765	23,40,
1766	10,30,
1767	4,23,
1768	25,38,
1769	19,24,
1770	8,9,15,16,27,30,
1771	37,
1772	42,
1773	7,18,48,
1774	19,27,
1775	23,
1776	21,
1777	11,
1778	9,
1779	33,36,38,45,
1780	0,4,
1781	27,48,
1782	20,
1783	9,34,38,
1784	7,16,18,25,41,
1785	20,29,49,
1786	33,45,
1787	11,27,
1788	24,41,
1789	1,24,
1790	13,
1791	0,13,31,
1792	9,36,
1793	20,42,
1794	16,
1795	2,
1796	4,
1797	12,
1798	35,
1799	6,9,13,14,22,35,47,49,
1800	6,8,13,43,
1801	16,26,
1802	17,38,
1803	5,22,
1804	37,39,
1805	3,4,8,11,36,
1806	2,28,
1807	15,
1808	36,39,
1809	6,16,22,40,
1810	25,
1811	12,19,21,29,40,
1812	9,26,42,
1813	28,37,43,
1814	8,34,
1815	36,
1816	13,22,47,
1817	22,48,
1818	9,45,47,49,
1819	41,
1820	0,13,48,
1821	49,
1822	5,13,32,43,48,
1823	37,
1824	14,
1825	23,
1826	30,9,25,
1827	22,
1828	23,38,
1829	12,45,39,
1830	49,
1831	1,18,34,43,
1832	11,15,
1833	46,42,
1834	13,30,
1835	7,34,
1836	1,
1837	26,42,
1838	24,36,42,44,
1839	10,35,42,47,
1840	22,48,
1841	10,26,
1842	21,40,
1843	2,9,35,47,
1844	32,5,
1845	9,
1846	11,20,38,41,
1847	33,
1848	13,31,41,
1849	24,26,
1850	22,
1851	43,2,
1852	1,39,43,47,
1853	9,49,
1854	44,
1855	26,36,
1856	13,33,37,38,
1857	3,34,
1858	29,
1859	22,26,
1860	16,36,
1861	48,41,
1862	18,
1863	0,45,
1864	15,
1865	4,
1866	26,41,
1867	5,9,24,
1868	15,19,48,
1869	5,
1870	5,33,
1871	4,13,26,28,34,
1872	39,
1873	24,41,
1874	44,49,
1875	1,46,
1876	20,40,
1877	17,
1878	23,38,40,41,
1879	10,27,40,42,
1880	30,
1881	11,14,34,
1882	20,
1883	21,44,
1884	23,
1885	14,15,13,
1886	2,33,
1887	6,28,47,
1888	6,34,41,
1889	26,
1890	47,
1891	22,30,
1892	2,
1893	3,
1894	16,19,20,
1895	12,
1896	39,
1897	17,20,29,
1898	3,
1899	19,
1900	21,31,38,39,45,
1901	7,29,39,
1902	19,37,
1903	9,19,28,
1904	8,22,46,
1905	29,
1906	35,44,
1907	26,
1908	45,
1909	23,33,
1910	12,23,
1911	46,
1912	25,
1913	6,27,42,
1914	35,
1915	29,32,34,44,
1916	47,14,40,
1917	30,
1918	3,28,
1919	12,46,47,
1920	8,
1921	17,
1922	21,47,
1923	5,10,13,24,25,26,36,38,
1924	2,11,28,
1925	9,15,39,
1926	19,31,49,
1927	21,
1928	43,
1929	15,
1930	1,19,24,
1931	21,42,
1932	27,
1933	1,31,
1934	17,
1935	35,28,32,
1936	13,
1937	15,30,32,45,
1938	12,18,
1939	17,
1940	14,32,37,42,
1941	35,
1942	38,47,
1943	4,37,40,
1944	19,29,34,40,49,
1945	34,48,
1946	1,16,
1947	31,35,
1948	7,10,26,49,
1949	7,32,
1950	39,42,43,
1951	3,
1952	5,6,9,15,18,49,
1953	7,
1954	3,25,
1955	13,28,
1956	37,
1957	44,
1958	21,22,38,
1959	5,7,15,
1960	15,30,44,
1961	38,
1962	1,5,18,35,
1963	0,41,43,
1964	14,21,
1965	7,45,
1966	22,
1967	31,38,41,45,
1968	12,27,
1969	34,35,
1970	20,32,
1971	18,
1972	10,11,45,
1973	11,29,
1974	23,
1975	8,48,
1976	15,28,31,49,
1977	29,37,
1978	1,27,
1979	0,1,24,
1980	20,
1981	20,29,37,44,49,
1982	13,23,36,
1983	16,
1984	16,15,46,
1985	9,15,21,
1986	23,
1987	2,
1988	23,
1989	36,39,
1990	25,32,
1991	1,
1992	29,
1993	6,10,36,
1994	40,46,48,
1995	47,
1996	12,24,49,
1997	23,
1998	22,
1999	9,45,
2000	13,15,29,47,
2001	6,9,
2002	8,19,36,
2003	20,
2004	32,8,
2005	36,42,
2006	4,11,
2007	3,11,26,36,
2008	19,
2009	36,
2010	4,24,47,
2011	14,
2012	20,44,
2013	29,6,5,
2014	3,8,20,38,
2015	0,39,
2016	1,45,46,
2017	17,30,42,
2018	35,
2019	8,47,
2020	46,47,
2021	6,7,18,24,
2022	17,12,48,
2023	42,
2024	26,
2025	19,28,
2026	3,35,38,
2027	7,23,
2028	1,
2029	23,
2030	18,
2031	17,20,
2032	35,
2033	27,42,39,
2034	34,46,
2035	13,
2036	5,
2037	22,46,
2038	38,44,14,
2039	3,16,29,
2040	29,
2041	0,4,9,29,31,41,43,
2042	38,
2043	39,
2044	26,9,25,
2045	40,
2046	1,8,21,43,
2047	3,9,15,
2048	18,36,40,
2049	9,34,48,
2050	21,47,
2051	5,6,
2052	1,8,32,39,43,
2053	3,11,
2054	34,48,
2055	24,47,
2056	0,31,39,
2057	0,12,
2058	36,39,33,
2059	34,42,48,
2060	48,26,20,
2061	34,20,
2062	23,
2063	31,
2064	31,46,
2065	25,
2066	10,36,42,
2067	6,43,
2068	10,12,19,
2069	14,24,32,
2070	22,36,48,
2071	2,26,
2072	5,
2073	3,8,23,
2074	29,36,32,
2075	34,44,
2076	8,14,19,47,
2077	23,30,38,
2078	37,13,
2079	8,32,
2080	3,20,36,37,45,
2081	20,26,29,
2082	14,23,24,40,
2083	34,48,
2084	11,18,31,
2085	29,35,47,
2086	49,
2087	22,47,
2088	21,11,
2089	36,
2090	15,27,34,39,
2091	3,24,
2092	17,19,22,25,
2093	27,37,43,
2094	17,18,
2095	0,3,
2096	9,36,
2097	12,30,
2098	7,
2099	13,14,25,46,
2100	43,
2101	18,20,35,
2102	47,
2103	29,30,33,44,
2104	7,15,46,
2105	17,39,40,
2106	1,13,36,
2107	5,39,
2108	9,35,
2109	17,25,39,
2110	0,18,31,
2111	33,36,49,
2112	3,38,49,
2113	3,20,33,
2114	14,38,
2115	16,48,
2116	2,27,
2117	10,29,31,
2118	11,15,23,
2119	31,42,47,
2120	2,41,
2121	8,26,
2122	3,31,30,
2123	12,48,
2124	12,28,37,47,
2125	4,
2126	0,
2127	20,38,39,
2128	1,26,47,
2129	25,26,47,
2130	19,
2131	15,
2132	6,39,
2133	36,43,
2134	6,9,11,29,37,
2135	33,44,49,
2136	19,41,
2137	12,
2138	20,32,39,45,48,
2139	13,22,
2140	11,28,
2141	1,31,43,
2142	22,25,28,40,
2143	26,29,
2144	4,9,10,22,
2145	3,
2146	12,17,18,47,
2147	17,23,33,
2148	17,41,
2149	16,48,
2150	0,29,48,
2151	42,
2152	11,22,29,43,
2153	6,16,
2154	5,11,15,46,
2155	28,34,42,47,
2156	22,3,
2157	46,
2158	38,
2159	1,12,15,19,
2160	37,46,
2161	7,
2162	9,14,30,
2163	1,23,
2164	7,
2165	2,29,48,
2166	13,27,
2167	19,20,40,44,
2168	4,26,48,
2169	4,40,
2170	0,
2171	25,29,
2172	48,
2173	7,18,
2174	27,41,48,
2175	9,
2176	41,
2177	3,9,21,45,
2178	9,
2179	13,14,16,31,34,
2180	26,
2181	15,25,37,
2182	34,
2183	47,
2184	10,19,38,
2185	6,22,
2186	34,41,46,
2187	28,
2188	9,
2189	37,
2190	17,43,
2191	34,
2192	11,
2193	35,
2194	38,
2195	22,28,36,
2196	6,
2197	26,
2198	12,
2199	2,
2200	1,36,
2201	38,
2202	8,
2203	3,27,
2204	19,33,1,
2205	6,15,
2206	26,
2207	21,
2208	17,
2209	34,
2210	3,15,16,22,
2211	6,36,
2212	4,36,37,
2213	39,
2214	22,32,35,43,49,
2215	2,12,
2216	2,28,
2217	5,13,40,
2218	40,
2219	1,5,34,40,
2220	26,41,
2221	21,
2222	42,
2223	20,22,32,35,38,
2224	28,32,
2225	14,29,
2226	43,
2227	25,
2228	20,23,47,
2229	1,5,24,33,35,
2230	47,
2231	30,
2232	41,43,49,
2233	11,45,
2234	19,38,46,
2235	35,48,
2236	6,44,
2237	35,38,
2238	10,16,45,49,
2239	8,20,
2240	47,
2241	20,28,
2242	8,11,
2243	3,45,
2244	3,33,
2245	1,
2246	19,24,26,40,
2247	21,
2248	0,31,
2249	36,
2250	6,27,39,
2251	28,32,41,
2252	35,
2253	3,
2254	30,34,35,46,
2255	6,
2256	23,29,31,43,
2257	3,49,25,
2258	18,31,
2259	42,
2260	21,
2261	1,8,
2262	40,36,
2263	28,41,49,
2264	10,20,34,
2265	24,
2266	9,16,19,42,
2267	8,
2268	32,43,
2269	11,15,44,
2270	0,36,22,
2271	16,43,
2272	1,
2273	10,23,
2274	13,41,
2275	6,
2276	27,37,
2277	7,45,
2278	20,29,
2279	3,47,
2280	48,
2281	0,10,23,42,
2282	43,31,
2283	28,
2284	21,33,49,
2285	23,30,
2286	43,
2287	3,13,26,
2288	4,33,
2289	7,
2290	8,27,34,
2291	32,27,
2292	28,
2293	14,21,34,
2294	12,20,49,
2295	2,19,31,35,42,
2296	1,22,
2297	45,
2298	24,37,43,
2299	11,19,28,
2300	17,20,
2301	2,11,22,
2302	33,48,
2303	4,24,27,
2304	33,34,
2305	12,35,37,
2306	3,34,
2307	11,
2308	28,
2309	20,33,43,
2310	48,2,19,
2311	21,26,41,
2312	13,15,33,
2313	26,
2314	27,
2315	20,
2316	4,44,5,
2317	33,46,
2318	4,20,47,
2319	0,20,
2320	15,24,
2321	7,19,31,34,44,
2322	27,
2323	13,20,24,33,40,
2324	1,45,
2325	33,
2326	14,36,
2327	4,8,35,
2328	15,30,41,
2329	13,18,22,
2330	49,20,
2331	6,49,
2332	3,4,
2333	22,31,33,
2334	1,14,49,
2335	16,20,43,
2336	8,28,
2337	19,22,37,
2338	1,14,25,34,47,
2339	46,
2340	23,
2341	3,33,
2342	3,32,
2343	23,35,
2344	17,40,42,
2345	2,6,27,28,
2346	3,19,20,29,31,42,
2347	29,35,
2348	1,
2349	21,40,48,49,
2350	1,
2351	0,12,23,30,40,
2352	37,
2353	14,23,34,43,
2354	47,
2355	0,1,22,26,
2356	44,23,
2357	41,49,
2358	4,15,19,27,29,
2359	16,46,
2360	31,
2361	7,11,15,
2362	21,
2363	1,18,35,44,
2364	18,20,
2365	11,21,31,38,
2366	7,21,35,42,
2367	19,
2368	43,4,40,
2369	13,14,22,31,
2370	21,31,38,
2371	25,26,44,
2372	26,
2373	9,12,19,21,36,38,39,48,
2374	16,39,48,49,
2375	3,
2376	8,48,
2377	19,20,33,
2378	27,
2379	33,
2380	7,
2381	3,6,8,46,
2382	32,33,
2383	0,30,
2384	37,18,
2385	2,11,12,41,
2386	13,35,48,
2387	19,
2388	7,26,
2389	19,41,
2390	2,31,25,
2391	3,4,
2392	1,23,29,
2393	0,24,46,
2394	4,10,14,
2395	6,9,
2396	38,46,
2397	44,
2398	22,41,47,
2399	18,26,
2400	29,36,
2401	39,23,
2402	9,
2403	44,36,2,
2404	42,
2405	2,10,12,40,
2406	32,
2407	29,30,
2408	18,28,
2409	9,30,
2410	13,
2411	3,12,
2412	20,24,32,34,
2413	18,25,32,
2414	2,16,47,48,
2415	1,2,12,40,
2416	28,29,
2417	29,35,
2418	14,
2419	19,
2420	1,5,41,47,
2421	0,2,35,47,
2422	17,
2423	6,44,
2424	1,
2425	12,27,22,
2426	32,48,
2427	8,
2428	3,40,48,
2429	34,38,
2430	29,36,44,
2431	7,9,
2432	0,14,23,40,
2433	22,32,
2434	22,
2435	1,35,47,
2436	10,15,38,45,
2437	1,9,16,
2438	23,24,
2439	2,13,25,
2440	23,26,30,
2441	13,32,
2442	11,31,43,46,48,
2443	48,
2444	10,17,21,32,35,46,48,
2445	12,19,41,
2446	46,
2447	29,30,
2448	22,49,
2449	11,16,33,38,
2450	28,45,
2451	9,40,
2452	14,30,36,
2453	0,7,20,
2454	13,27,40,
2455	13,18,32,38,
2456	35,42,
2457	49,
2458	5,6,
2459	41,42,
2460	2,28,
2461	46,
2462	16,34,42,
2463	5,25,
2464	13,41,
2465	10,11,27,29,
2466	1,30,36,46,
2467	18,46,
2468	18,44,
2469	35,36,48,
2470	2,
2471	26,
2472	3,
2473	14,19,
2474	32,47,
2475	23,32,43,
2476	21,22,
2477	24,
2478	4,18,32,38,43,
2479	45,
2480	15,26,
2481	4,16,
2482	28,39,
2483	24,40,47,
2484	29,
2485	2,9,32,44,
2486	48,
2487	9,24,3,
2488	16,36,42,48,
2489	4,
2490	31,48,
2491	15,22,33,
2492	2,27,45,
2493	2,49,
2494	15,33,46,
2495	4,19,
2496	34,47,
2497	34,4,
2498	6,28,37,38,
2499	44,
2500	12,47,
2501	9,1,
2502	40,48,
2503	24,34,
2504	2,22,28,47,
2505	1,8,11,23,
2506	21,
2507	3,32,
2508	44,
2509	16,35,40,
2510	7,13,38,
2511	13,15,22,
2512	16,46,
2513	6,28,40,43,
2514	13,33,37,
2515	30,47,
2516	47,
2517	3,9,43,
2518	7,12,35,36,37,
2519	0,
2520	4,28,36,43,
2521	40,
2522	5,12,42,48,
2523	6,7,44,
2524	14,29,42,
2525	5,14,
2526	21,34,
2527	32,
2528	30,
2529	2,
2530	4,10,23,29,43,
2531	6,16,17,22,
2532	2,30,32,
2533	4,13,24,
2534	23,40,22,
2535	14,
2536	23,
2537	11,49,
2538	18,1,
2539	8,44,
2540	7,25,27,31,
2541	15,23,
2542	9,28,38,
2543	9,31,41,
2544	24,40,43,
2545	22,
2546	28,30,41,43,
2547	20,
2548	3,
2549	9,26,30,37,43,
2550	4,13,
2551	11,34,
2552	9,25,38,44,
2553	5,
2554	13,
2555	16,47,
2556	34,
2557	3,9,
2558	33,49,32,
2559	21,7,
2560	39,43,
2561	20,21,43,
2562	36,
2563	14,37,
2564	13,18,47,
2565	10,18,
2566	0,7,30,37,45,46,
2567	17,39,43,
2568	17,
2569	10,
2570	42,
2571	5,7,
2572	3,5,28,
2573	40,
2574	38,
2575	3,4,36,44,
2576	46,
2577	5,33,
2578	13,23,30,47,
2579	47,
2580	30,32,38,
2581	37,46,47,
2582	9,
2583	3,12,14,22,47,
2584	42,47,
2585	15,
2586	21,32,
2587	3,32,36,42,43,
2588	31,42,
2589	7,9,13,20,31,45,
2590	12,
2591	19,7,2,
2592	17,27,
2593	30,43,
2594	7,5,16,
2595	14,
2596	19,27,31,
2597	22,37,
2598	17,
2599	15,
2600	15,28,
2601	19,46,
2602	21,31,
2603	27,
2604	5,
2605	3,48,
2606	10,36,
2607	7,20,22,24,30,
2608	19,22,44,46,48,
2609	28,40,
2610	16,22,29,
2611	19,
2612	25,
2613	6,9,35,
2614	24,31,
2615	12,16,23,
2616	8,24,32,
2617	10,12,47,49,
2618	10,29,37,
2619	1,35,
2620	27,
2621	1,36,
2622	3,9,48,
2623	7,48,
2624	5,22,
2625	2,6,25,43,
2626	8,13,
2627	1,13,
2628	20,32,
2629	2,
2630	29,41,
2631	1,2,8,38,
2632	16,24,
2633	20,35,43,49,
2634	18,46,
2635	7,1,
2636	22,45,49,
2637	2,4,5,21,30,45,
2638	27,
2639	23,27,30,
2640	15,
2641	29,46,
2642	9,25,
2643	6,15,44,
2644	13,27,
2645	2,
2646	12,
2647	29,
2648	9,14,15,
2649	14,20,23,36,37,38,40,44,47,
2650	4,6,25,37,48,
2651	22,47,
2652	27,
2653	18,28,
2654	9,18,30,
2655	17,28,30,
2656	8,
2657	27,33,42,43,
2658	37,44,
2659	14,38,
2660	24,26,47,
2661	5,15,27,28,30,31,36,
2662	47,29,12,
2663	3,44,
2664	29,41,
2665	42,46,
2666	20,45,
2667	47,32,
2668	5,31,
2669	29,36,49,
2670	8,12,15,34,
2671	1,2,
2672	19,4,46,
2673	20,
2674	18,
2675	4,7,12,23,
2676	29,38,43,
2677	12,
2678	6,22,
2679	4,13,34,
2680	15,17,22,25,
2681	44,
2682	17,22,44,45,
2683	5,8,9,
2684	16,20,33,41,
2685	12,43,
2686	3,22,33,
2687	12,25,
2688	0,12,
2689	15,18,22,34,
2690	31,41,25,
2691	27,32,37,
2692	23,
2693	21,24,36,42,
2694	39,41,
2695	26,41,
2696	7,10,31,33,
2697	1,25,
2698	26,44,
2699	9,12,15,27,
2700	13,
2701	25,
2702	34,
2703	48,12,36,
2704	31,41,
2705	4,18,40,42,
2706	45,47,
2707	0,9,12,47,
2708	4,
2709	2,25,49,
2710	20,36,
2711	4,
2712	23,27,38,
2713	8,44,
2714	21,19,
2715	41,
2716	26,18,19,
2717	3,34,
2718	43,23,
2719	37,43,48,
2720	12,43,
2721	44,
2722	2,12,
2723	28,
2724	43,46,
2725	3,6,30,
2726	4,
2727	23,24,
2728	14,44,
2729	1,7,25,
2730	12,
2731	8,27,
2732	45,
2733	12,45,
2734	11,17,39,47,
2735	12,23,30,31,
2736	23,25,
2737	41,
2738	5,
2739	34,
2740	42,
2741	15,
2742	31,
2743	10,16,23,35,47,
2744	2,17,42,
2745	10,15,28,43,
2746	4,18,42,
2747	38,
2748	34,46,
2749	5,
2750	41,
2751	2,30,36,
2752	18,
2753	17,44,
2754	2,
2755	10,13,18,34,
2756	38,48,
2757	43,47,
2758	1,
2759	9,22,25,33,42,
2760	10,16,
2761	8,46,
2762	22,33,48,
2763	11,32,8,
2764	3,11,24,32,
2765	3,34,
2766	17,21,
2767	8,27,44,
2768	36,19,16,
2769	22,
2770	4,13,
2771	1,3,9,18,22,
2772	34,
2773	35,31,
2774	20,21,29,30,
2775	43,
2776	25,
2777	2,
2778	5,15,23,48,
2779	34,
2780	11,24,
2781	39,
2782	41,49,
2783	6,12,30,
2784	31,29,
2785	3,31,
2786	14,34,
2787	10,20,
2788	8,
2789	10,16,
2790	13,32,43,
2791	2,23,27,49,
2792	39,42,
2793	1,28,36,46,
2794	37,
2795	0,
2796	32,38,
2797	13,19,28,
2798	13,36,42,43,
2799	11,13,15,27,
2800	31,33,36,
2801	46,
2802	24,27,
2803	7,39,2,
2804	1,
2805	41,
2806	10,15,48,
2807	41,
2808	15,18,27,32,44,
2809	15,27,37,
2810	45,
2811	3,29,
2812	2,44,23,
2813	1,8,
2814	22,28,30,48,
2815	4,11,48,
2816	8,
2817	22,
2818	49,39,
2819	1,5,
2820	4,5,
2821	0,30,43,
2822	10,36,41,
2823	10,
2824	26,43,
2825	48,
2826	29,
2827	2,18,30,34,
2828	9,16,18,19,38,44,
2829	19,21,48,
2830	2,
2831	6,27,
2832	17,
2833	48,
2834	20,45,
2835	2,7,11,12,30,41,46,
2836	10,
2837	3,36,
2838	18,29,32,
2839	49,
2840	13,
2841	22,44,
2842	5,31,
2843	12,27,
2844	21,24,26,38,45,
2845	13,18,
2846	5,44,48,
2847	12,14,43,
2848	19,24,41,
2849	0,33,34,37,
2850	19,7,
2851	39,
2852	5,6,9,
2853	11,24,
2854	45,
2855	49,
2856	1,17,19,
2857	6,
2858	45,
2859	3,
2860	1,8,14,17,33,44,
2861	19,31,
2862	18,40,45,46,
2863	11,14,38,42,
2864	15,46,
2865	23,
2866	23,47,
2867	8,12,13,34,43,
2868	20,30,
2869	7,18,46,
2870	27,48,
2871	46,48,
2872	42,43,
2873	17,31,
2874	4,17,18,32,36,38,
2875	4,20,26,40,43,
2876	19,31,
2877	27,32,38,49,
2878	31,49,
2879	10,27,28,40,
2880	49,15,
2881	0,6,8,18,
2882	18,30,
2883	44,
2884	10,
2885	15,31,
2886	42,41,
2887	8,17,33,
2888	4,34,
2889	29,31,
2890	4,24,49,
2891	9,
2892	2,29,
2893	17,20,38,
2894	2,38,
2895	30,35,
2896	3,15,25,32,
2897	7,
2898	35,
2899	3,
2900	5,
2901	29,42,
2902	4,15,18,19,
2903	6,26,32,42,48,
2904	21,24,34,
2905	26,32,
2906	27,37,46,48,
2907	24,27,44,
2908	21,24,
2909	15,20,24,29,34,
2910	4,
2911	29,
2912	11,14,21,45,
2913	33,37,
2914	48,
2915	26,
2916	6,45,
2917	12,
2918	37,2,
2919	46,
2920	26,40,
2921	5,
2922	26,
2923	30,28,13,
2924	7,13,
2925	7,
2926	4,37,
2927	2,12,
2928	30,16,
2929	3,45,46,
2930	6,21,
2931	34,
2932	22,45,
2933	14,20,42,
2934	3,10,35,44,
2935	39,42,
2936	29,
2937	11,45,
2938	7,
2939	16,18,
2940	2,13,
2941	45,
2942	8,26,30,38,
2943	24,27,
2944	22,29,
2945	19,
2946	3,
2947	14,22,
2948	18,19,38,39,40,
2949	28,33,44,
2950	19,
2951	26,29,36,
2952	19,34,
2953	12,14,
2954	16,22,48,
2955	19,23,
2956	2,12,16,19,33,37,48,
2957	3,6,7,19,28,32,
2958	7,20,43,
2959	7,24,
2960	39,22,28,
2961	0,20,
2962	29,44,48,
2963	18,31,35,
2964	23,28,
2965	46,
2966	19,20,36,
2967	3,
2968	23,24,27,48,
2969	0,16,
2970	16,30,33,
2971	36,
2972	3,
2973	39,49,
2974	19,34,45,
2975	9,23,
2976	8,
2977	34,
2978	10,27,35,
2979	21,33,
2980	4,41,
2981	11,16,18,
2982	6,18,
2983	2,39,48,
2984	7,17,29,
2985	10,27,42,45,
2986	49,
2987	31,11,33,
2988	21,34,
2989	13,14,46,
2990	43,
2991	3,7,12,
2992	37,32,47,
2993	3,25,32,
2994	3,5,46,
2995	8,45,
2996	27,
2997	2,28,31,36,
2998	44,
2999	3,6,24,
3000	4,12,28,32,35,
3001	49,
3002	34,38,
3003	18,
3004	46,
3005	19,23,30,
3006	10,37,
3007	29,34,47,
3008	23,
3009	1,11,
3010	3,20,34,38,
3011	3,45,47,
3012	36,
3013	39,41,
3014	22,26,
3015	16,40,
3016	9,42,
3017	5,20,
3018	4,49,
3019	26,49,
3020	4,20,
3021	24,30,36,
3022	6,
3023	10,
3024	14,
3025	2,
3026	13,
3027	41,
3028	44,45,
3029	15,33,
3030	1,28,43,
3031	1,33,37,
3032	38,18,22,
3033	7,
3034	13,14,20,35,
3035	2,25,36,
3036	29,47,
3037	2,
3038	22,48,
3039	11,21,
3040	11,26,39,48,
3041	41,
3042	17,28,30,40,
3043	25,41,46,
3044	9,17,
3045	3,25,44,
3046	9,32,41,
3047	13,16,23,43,
3048	4,36,
3049	49,36,10,
3050	7,36,
3051	9,35,
3052	14,
3053	3,7,
3054	31,36,28,
3055	20,36,38,
3056	24,33,34,
3057	12,47,48,
3058	45,19,
3059	13,20,
3060	13,21,30,
3061	24,37,
3062	18,
3063	29,40,
3064	2,7,28,
3065	13,26,45,
3066	17,19,31,
3067	46,
3068	47,
3069	46,
3070	24,43,
3071	7,14,23,46,
3072	18,49,
3073	22,26,42,
3074	6,26,27,
3075	20,
3076	3,5,9,22,34,38,
3077	19,29,42,
3078	23,39,
3079	28,7,
3080	37,38,
3081	39,6,46,
3082	12,13,24,
3083	32,48,11,
3084	5,18,
3085	5,28,
3086	7,11,17,20,
3087	18,21,
3088	3,
3089	30,36,
3090	14,12,25,
3091	8,10,19,
3092	17,33,
3093	15,
3094	33,35,
3095	8,14,37,42,
3096	18,24,33,
3097	14,48,
3098	49,
3099	43,
3100	17,
3101	6,19,49,
3102	28,31,
3103	37,39,46,
3104	29,30,
3105	26,40,41,46,
3106	20,
3107	17,18,23,24,43,
3108	14,
3109	7,49,
3110	10,17,
3111	2,23,34,37,
3112	41,1,
3113	5,35,46,47,
3114	17,
3115	25,
3116	15,19,
3117	16,
3118	6,23,
3119	18,47,
3120	7,
3121	7,15,48,
3122	9,20,26,
3123	21,33,
3124	28,
3125	18,20,
3126	47,
3127	23,
3128	17,28,
3129	22,12,
3130	42,
3131	3,
3132	27,37,
3133	18,
3134	30,34,
3135	36,42,
3136	0,16,18,29,33,42,
3137	21,31,44,
3138	17,26,
3139	25,37,
3140	21,23,33,
3141	3,39,42,
3142	9,
3143	10,39,
3144	8,33,
3145	12,15,37,
3146	11,40,
3147	2,9,
3148	20,27,48,49,
3149	38,40,
3150	9,
3151	25,36,
3152	14,28,38,40,
3153	20,37,
3154	15,29,
3155	5,18,
3156	1,
3157	29,32,
3158	9,25,26,30,46,
3159	6,24,34,
3160	17,19,21,
3161	0,18,32,35,40,
3162	12,35,
3163	3,26,34,36,
3164	19,29,
3165	7,30,36,
3166	3,6,13,
3167	19,30,
3168	49,10,
3169	45,
3170	49,
3171	6,10,26,31,44,
3172	15,43,
3173	14,24,30,
3174	24,31,32,35,39,
3175	2,19,44,
3176	8,38,44,
3177	1,8,30,39,
3178	49,
3179	7,30,44,
3180	1,4,5,33,36,43,47,
3181	24,31,37,46,47,
3182	42,35,6,
3183	1,9,
3184	47,38,
3185	38,11,
3186	1,5,7,31,
3187	0,3,46,
3188	18,48,
3189	8,
3190	45,
3191	1,10,35,
3192	8,39,46,
3193	0,18,21,28,37,42,
3194	10,35,48,
3195	24,30,49,
3196	43,
3197	33,37,
3198	13,
3199	4,32,35,
3200	4,12,20,37,39,43,
3201	24,26,
3202	5,27,40,
3203	2,
3204	13,18,
3205	25,36,
3206	19,
3207	39,
3208	37,28,
3209	44,46,
3210	7,15,22,24,
3211	5,49,
3212	20,23,27,37,
3213	0,33,41,
3214	17,27,36,
3215	23,49,
3216	26,5,18,
3217	19,23,18,
3218	34,
3219	19,48,
3220	12,19,24,49,
3221	1,
3222	9,24,35,48,
3223	0,
3224	1,3,13,23,24,43,
3225	4,18,
3226	34,39,
3227	1,
3228	42,
3229	37,46,
3230	13,31,
3231	4,9,12,13,14,22,
3232	23,
3233	3,35,
3234	34,49,
3235	5,
3236	31,
3237	27,
3238	0,46,
3239	20,39,40,
3240	37,47,
3241	1,12,38,49,
3242	25,27,43,
3243	49,
3244	9,19,35,36,
3245	15,
3246	11,30,
3247	11,44,
3248	20,26,
3249	8,23,
3250	3,28,31,
3251	16,48,
3252	8,13,35,42,47,
3253	29,
3254	23,
3255	30,
3256	7,10,38,
3257	33,3,
3258	1,
3259	16,
3260	11,27,40,
3261	17,
3262	0,7,32,38,
3263	7,29,
3264	1,25,29,39,48,
3265	1,10,24,
3266	31,37,
3267	25,
3268	1,40,
3269	0,19,
3270	12,
3271	3,45,47,
3272	0,11,26,32,
3273	19,
3274	9,
3275	32,37,
3276	35,38,43,
3277	31,45,
3278	5,22,27,35,
3279	45,
3280	13,29,
3281	14,32,
3282	30,
3283	28,45,
3284	0,6,38,49,
3285	38,41,48,
3286	42,
3287	14,22,35,49,
3288	27,28,29,
3289	6,
3290	19,
3291	20,29,33,35,
3292	4,24,
3293	27,
3294	17,42,
3295	24,28,
3296	32,
3297	11,19,21,
3298	7,22,
3299	11,
3300	11,38,
3301	2,
3302	18,33,42,
3303	1,20,30,
3304	4,6,10,35,46,
3305	43,
3306	8,10,13,
3307	25,29,37,38,
3308	3,10,42,
3309	17,18,40,
3310	37,40,
3311	12,13,17,30,35,41,43,47,
3312	44,48,
3313	18,19,27,
3314	12,18,
3315	5,23,
3316	15,23,
3317	1,17,
3318	11,
3319	36,43,
3320	29,
3321	22,30,
3322	6,24,
3323	29,
3324	49,
3325	44,
3326	29,
3327	3,5,13,38,43,47,
3328	12,
3329	0,
3330	37,48,
3331	44,6,19,
3332	12,
3333	15,20,
3334	28,
3335	23,
3336	46,
3337	9,30,36,44,
3338	26,9,
3339	40,49,17,
3340	1,9,13,19,
3341	7,9,21,42,43,
3342	3,11,28,33,44,
3343	16,25,44,
3344	44,
3345	15,31,41,
3346	15,20,46,
3347	30,
3348	20,23,37,
3349	28,33,
3350	10,22,
3351	29,46,
3352	28,
3353	32,
3354	11,20,40,
3355	14,
3356	7,49,
3357	13,
3358	28,
3359	12,14,
3360	10,12,43,
3361	27,
3362	1,2,
3363	6,42,
3364	20,27,
3365	0,13,24,28,
3366	0,20,43,44,
3367	4,29,1,
3368	27,
3369	36,
3370	22,40,
3371	7,24,42,
3372	26,48,
3373	3,48,
3374	8,29,37,
3375	8,41,43,
3376	45,43,20,
3377	14,29,49,
3378	34,37,49,
3379	20,
3380	2,24,26,49,
3381	4,19,44,
3382	34,42,
3383	8,17,29,39,46,
3384	13,14,48,
3385	17,37,48,
3386	4,8,27,39,44,
3387	6,8,26,
3388	29,28,0,
3389	1,28,34,38,41,48,
3390	7,20,32,44,48,
3391	11,
3392	1,41,
3393	47,
3394	48,
3395	4,5,36,
3396	12,15,
3397	14,20,
3398	40,22,19,
3399	26,
3400	1,4,
3401	8,42,
3402	20,37,46,
3403	4,7,20,30,49,
3404	3,20,43,
3405	23,25,47,
3406	13,22,
3407	7,12,16,22,28,42,
3408	29,36,
3409	9,21,49,
3410	7,19,
3411	5,41,46,49,
3412	46,
3413	41,23,15,
3414	48,37,7,
3415	13,21,24,42,
3416	18,28,
3417	18,19,
3418	2,36,
3419	6,
3420	22,24,27,40,
3421	39,
3422	49,
3423	10,18,37,
3424	28,
3425	17,
3426	33,20,
3427	7,
3428	24,
3429	2,11,23,
3430	3,15,24,37,
3431	19,36,
3432	36,
3433	19,38,44,
3434	1,9,40,
3435	13,17,43,
3436	42,
3437	20,47,
3438	35,
3439	15,35,40,
3440	23,
3441	4,22,39,
3442	19,44,47,
3443	19,26,45,
3444	28,44,
3445	1,5,
3446	35,
3447	24,33,
3448	2,
3449	27,30,38,
3450	4,39,
3451	9,10,38,
3452	15,24,
3453	3,7,8,38,
3454	9,34,
3455	28,36,
3456	27,29,
3457	20,
3458	47,
3459	10,19,28,40,41,
3460	2,9,34,
3461	29,
3462	26,
3463	4,17,19,46,
3464	16,22,38,
3465	26,
3466	6,
3467	11,19,
3468	12,
3469	37,
3470	9,
3471	9,37,12,
3472	25,
3473	20,29,36,43,
3474	19,31,
3475	45,
3476	19,27,
3477	26,38,42,
3478	0,17,27,
3479	14,21,36,
3480	24,42,46,
3481	27,
3482	33,
3483	9,26,39,
3484	9,43,46,
3485	18,
3486	24,
3487	7,24,
3488	26,
3489	5,20,45,
3490	21,33,
3491	7,13,29,
3492	0,
3493	16,26,
3494	9,24,47,
3495	27,45,
3496	1,8,34,43,
3497	34,39,
3498	9,13,26,
3499	17,18,
3500	10,34,
3501	28,36,42,48,
3502	12,28,
3503	5,22,
3504	4,12,28,
3505	9,27,30,
3506	3,22,
3507	32,38,47,
3508	21,
3509	16,18,34,
3510	31,39,
3511	27,36,
3512	38,
3513	14,20,37,
3514	18,
3515	1,
3516	30,
3517	38,46,48,
3518	31,
3519	7,9,41,44,
3520	29,
3521	23,24,31,45,
3522	18,34,38,
3523	41,
3524	47,49,
3525	4,38,
3526	1,24,
3527	40,
3528	12,
3529	44,
3530	4,
3531	14,17,34,47,
3532	44,
3533	2,41,
3534	10,23,26,27,30,48,
3535	12,29,31,43,
3536	0,38,
3537	4,11,46,
3538	36,
3539	0,6,34,40,
3540	15,36,43,
3541	48,
3542	23,40,
3543	19,20,26,
3544	12,38,
3545	34,37,
3546	3,12,14,24,36,40,
3547	34,38,
3548	1,35,
3549	9,28,40,
3550	11,46,
3551	1,31,
3552	14,27,47,
3553	2,13,18,
3554	2,24,34,47,
3555	28,
3556	6,19,35,36,
3557	22,
3558	34,37,39,45,
3559	15,19,30,36,
3560	48,
3561	14,22,44,
3562	4,25,33,
3563	30,35,
3564	16,28,34,
3565	26,
3566	39,18,
3567	2,16,19,36,
3568	6,39,
3569	18,
3570	35,
3571	0,8,
3572	9,32,
3573	3,41,
3574	29,36,
3575	4,23,30,
3576	32,34,
3577	24,
3578	11,48,
3579	12,6,37,
3580	38,39,
3581	3,40,48,
3582	28,
3583	2,20,
3584	5,47,
3585	13,32,43,47,
3586	24,
3587	12,27,42,
3588	14,15,29,30,41,42,44,
3589	29,6,
3590	7,14,36,
3591	16,
3592	43,
3593	0,36,49,
3594	4,23,47,
3595	4,23,
3596	17,
3597	17,23,40,47,
3598	1,19,22,33,46,47,
3599	12,
3600	0,5,
3601	30,
3602	4,
3603	21,
3604	1,15,19,30,32,39,
3605	37,21,16,
3606	10,48,
3607	27,33,43,
3608	24,35,26,
3609	31,45,47,
3610	32,
3611	18,
3612	0,46,
3613	29,
3614	0,14,
3615	9,10,
3616	10,26,38,46,
3617	40,
3618	19,
3619	49,
3620	18,30,39,43,
3621	48,
3622	9,
3623	46,
3624	39,41,
3625	10,
3626	36,47,
3627	2,9,
3628	19,
3629	6,18,33,
3630	37,
3631	3,32,40,
3632	1,27,15,
3633	9,
3634	2,10,12,28,
3635	24,26,37,
3636	40,47,
3637	13,29,
3638	2,4,15,38,46,
3639	10,40,44,
3640	7,15,32,46,
3641	12,19,23,
3642	3,38,42,49,
3643	4,
3644	2,4,9,13,
3645	34,37,
3646	10,12,18,
3647	30,
3648	25,
3649	41,
3650	11,
3651	17,21,27,
3652	2,20,30,
3653	26,
3654	4,
3655	10,29,
3656	10,15,48,
3657	18,37,
3658	2,16,19,21,30,
3659	3,25,
3660	33,34,
3661	4,17,21,34,
3662	22,27,49,
3663	18,19,22,39,
3664	13,
3665	4,8,9,13,
3666	4,9,22,
3667	1,8,29,
3668	31,
3669	38,45,
3670	45,
3671	18,23,41,42,46,49,
3672	37,
3673	0,42,
3674	11,
3675	10,20,29,
3676	4,20,
3677	16,0,
3678	40,42,
3679	45,
3680	5,
3681	36,
3682	18,23,31,
3683	7,11,24,
3684	1,3,41,
3685	20,31,
3686	24,39,45,
3687	29,49,46,
3688	21,39,
3689	7,23,33,43,
3690	6,38,49,
3691	16,18,
3692	3,
3693	7,8,36,43,
3694	24,36,41,
3695	12,33,
3696	25,31,
3697	16,40,42,
3698	17,
3699	32,
3700	45,
3701	0,4,18,46,
3702	16,
3703	37,46,
3704	3,41,48,
3705	14,
3706	33,
3707	7,42,
3708	34,
3709	9,17,19,37,42,
3710	3,
3711	1,6,
3712	10,42,
3713	13,
3714	29,
3715	0,33,34,39,48,
3716	27,30,
3717	0,16,20,
3718	3,22,
3719	0,18,36,42,
3720	10,47,
3721	10,35,
3722	47,
3723	37,
3724	22,2,31,
3725	2,
3726	47,
3727	7,
3728	15,32,
3729	27,48,
3730	46,
3731	41,
3732	14,35,
3733	15,25,
3734	17,31,
3735	32,
3736	19,27,34,42,
3737	19,33,
3738	1,18,47,
3739	5,
3740	2,
3741	48,
3742	22,45,
3743	40,49,
3744	18,
3745	26,48,
3746	4,14,23,24,
3747	10,
3748	1,45,46,
3749	8,11,
3750	16,32,48,
3751	4,28,
3752	29,34,
3753	1,22,
3754	1,23,
3755	22,23,
3756	21,
3757	3,40,43,
3758	14,
3759	19,25,
3760	6,35,
3761	6,15,37,40,46,
3762	31,38,
3763	19,
3764	22,32,34,37,
3765	21,46,48,49,
3766	9,
3767	10,25,27,46,
3768	41,18,
3769	39,
3770	25,
3771	7,35,
3772	15,39,42,
3773	13,16,17,
3774	21,32,
3775	18,23,37,38,
3776	8,13,48,49,
3777	19,36,
3778	25,29,
3779	31,
3780	2,14,20,27,31,36,39,41,44,
3781	24,
3782	17,36,37,42,
3783	9,40,
3784	36,
3785	42,
3786	44,
3787	20,45,26,
3788	26,46,
3789	6,9,
3790	5,17,31,38,
3791	0,22,31,
3792	9,
3793	8,17,26,28,
3794	13,20,
3795	2,15,46,48,
3796	2,19,
3797	6,18,36,
3798	8,16,
3799	25,30,33,37,42,
3800	23,32,34,35,45,
3801	6,12,32,36,
3802	32,
3803	19,42,
3804	13,28,33,
3805	1,49,
3806	27,36,46,
3807	19,3,2,
3808	23,33,
3809	24,27,
3810	11,36,
3811	3,15,44,48,
3812	18,
3813	32,47,
3814	4,45,
3815	5,48,
3816	7,38,
3817	23,44,
3818	12,36,
3819	41,48,
3820	18,37,
3821	22,27,31,34,
3822	26,29,
3823	2,10,19,49,
3824	38,
3825	36,
3826	31,46,
3827	12,14,24,25,
3828	24,36,37,
3829	1,20,29,36,40,47,
3830	48,
3831	0,24,
3832	36,
3833	16,23,
3834	14,43,49,
3835	22,24,35,
3836	9,49,
3837	1,23,
3838	31,
3839	31,
3840	24,
3841	49,14,46,
3842	1,27,31,46,
3843	0,3,18,48,
3844	8,
3845	21,
3846	11,
3847	7,36,
3848	11,46,
3849	8,
3850	36,
3851	37,
3852	8,21,
3853	31,
3854	3,38,45,
3855	28,42,44,
3856	34,38,
3857	15,49,
3858	1,36,42,
3859	18,49,
3860	43,48,
3861	25,
3862	4,36,47,
3863	46,49,
3864	13,
3865	28,38,45,46,
3866	22,34,
3867	30,
3868	1,12,
3869	24,27,
3870	6,16,21,
3871	21,
3872	1,41,
3873	42,43,
3874	0,47,
3875	10,
3876	0,3,18,42,
3877	14,33,
3878	21,42,
3879	27,35,38,41,42,
3880	8,14,38,42,48,
3881	28,47,
3882	6,
3883	4,43,
3884	11,12,24,
3885	48,
3886	4,8,39,
3887	3,49,
3888	13,30,
3889	48,
3890	34,
3891	20,33,
3892	18,46,
3893	44,20,16,
3894	21,
3895	5,14,16,
3896	34,6,
3897	8,10,21,
3898	8,35,44,
3899	22,27,42,
3900	41,
3901	6,22,
3902	8,13,15,27,32,
3903	9,
3904	13,35,43,
3905	37,
3906	3,9,13,45,46,
3907	26,31,32,
3908	26,49,
3909	34,
3910	1,6,
3911	7,29,
3912	7,
3913	37,38,44,
3914	36,20,6,
3915	6,13,47,
3916	0,31,
3917	35,
3918	3,5,9,
3919	3,
3920	47,
3921	5,8,
3922	5,27,36,
3923	6,7,21,38,
3924	30,
3925	7,8,34,42,
3926	0,7,27,
3927	20,26,32,47,
3928	27,
3929	39,45,
3930	37,
3931	16,18,20,
3932	47,
3933	0,39,45,
3934	46,
3935	0,10,20,36,47,
3936	2,13,17,22,33,
3937	8,16,18,48,
3938	27,34,
3939	21,24,
3940	7,37,
3941	18,24,31,
3942	0,
3943	27,29,
3944	6,17,
3945	22,
3946	8,20,
3947	27,
3948	18,34,
3949	46,
3950	0,38,40,47,
3951	0,13,43,
3952	22,
3953	5,10,27,
3954	29,
3955	22,27,30,
3956	6,22,
3957	15,
3958	13,33,34,
3959	38,42,
3960	10,7,
3961	12,41,42,
3962	3,37,40,44,
3963	37,10,18,
3964	31,46,
3965	19,29,42,
3966	37,
3967	12,24,42,
3968	26,36,
3969	22,
3970	14,43,44,46,
3971	26,44,0,
3972	8,42,43,
3973	30,27,14,
3974	9,28,
3975	6,15,38,
3976	24,42,49,
3977	13,16,20,
3978	22,37,44,46,
3979	14,
3980	11,
3981	1,19,32,38,49,
3982	24,37,
3983	7,19,29,
3984	3,5,44,
3985	14,36,
3986	23,41,
3987	25,38,48,
3988	29,42,
3989	8,33,
3990	34,43,44,
3991	29,47,
3992	16,46,
3993	30,35,41,48,
3994	2,8,43,
3995	1,42,
3996	3,
3997	17,25,
3998	23,
3999	27,43,
4000	27,41,
4001	22,
4002	0,6,
4003	4,40,47,
4004	39,47,
4005	1,
4006	6,9,
4007	7,41,
4008	8,15,
4009	2,
4010	43,46,49,
4011	1,9,12,14,24,30,
4012	2,14,42,47,
4013	1,7,14,18,21,
4014	7,45,
4015	1,12,
4016	0,30,41,
4017	32,28,31,
4018	7,20,33,41,
4019	23,
4020	34,36,
4021	33,
4022	1,42,
4023	38,
4024	15,13,25,
4025	5,
4026	2,37,
4027	24,
4028	21,
4029	25,
4030	12,4,
4031	6,26,
4032	17,
4033	0,25,31,
4034	1,27,
4035	32,
4036	46,
4037	0,18,24,42,
4038	20,35,
4039	0,38,34,
4040	28,
4041	7,21,
4042	12,43,
4043	43,45,
4044	37,
4045	2,18,25,43,
4046	3,29,
4047	24,35,
4048	3,42,
4049	1,33,41,
4050	25,
4051	13,14,
4052	6,35,
4053	7,25,
4054	34,41,
4055	39,
4056	19,36,
4057	12,47,
4058	5,12,46,
4059	1,46,
4060	31,9,49,
4061	29,4,
4062	4,20,22,38,42,
4063	33,37,42,
4064	19,23,29,32,
4065	45,
4066	26,
4067	7,37,
4068	8,20,
4069	2,41,
4070	5,6,15,23,
4071	12,44,
4072	42,
4073	45,
4074	23,44,
4075	30,
4076	5,7,
4077	9,
4078	20,29,
4079	12,14,
4080	1,2,8,
4081	3,
4082	4,
4083	9,
4084	24,
4085	18,34,
4086	11,
4087	9,27,48,
4088	0,48,
4089	35,23,44,
4090	15,17,23,
4091	19,
4092	42,47,
4093	18,40,46,49,
4094	2,12,14,
4095	39,25,9,
4096	12,
4097	2,
4098	7,33,35,
4099	37,46,
4100	14,26,48,
4101	9,37,43,
4102	1,20,26,38,
4103	7,
4104	20,27,
4105	5,13,
4106	4,20,33,
4107	2,
4108	27,49,
4109	13,46,
4110	4,14,31,33,
4111	32,
4112	20,
4113	31,34,39,
4114	20,49,
4115	26,28,39,
4116	18,
4117	14,16,17,
4118	44,
4119	7,20,
4120	19,26,34,44,46,
4121	26,
4122	38,39,
4123	13,14,
4124	12,14,24,31,
4125	27,41,8,
4126	5,
4127	1,12,30,32,
4128	49,
4129	21,
4130	3,18,24,
4131	6,
4132	14,19,
4133	1,19,30,
4134	48,
4135	15,19,
4136	3,20,28,
4137	13,
4138	32,27,
4139	40,
4140	6,49,
4141	43,
4142	32,43,20,
4143	8,20,46,
4144	26,27,48,
4145	0,46,
4146	4,7,
4147	8,36,
4148	35,
4149	35,
4150	17,
4151	14,44,
4152	32,
4153	0,35,47,
4154	11,35,37,38,45,
4155	1,14,37,44,
4156	7,43,
4157	49,
4158	19,26,39,
4159	0,7,42,
4160	49,
4161	30,38,48,
4162	47,
4163	3,21,39,
4164	34,45,
4165	32,
4166	9,12,26,
4167	33,
4168	16,36,44,48,
4169	19,47,
4170	35,
4171	1,
4172	0,4,41,
4173	8,14,44,
4174	12,22,28,
4175	10,17,34,
4176	4,27,
4177	37,
4178	30,
4179	0,2,38,
4180	23,34,
4181	32,
4182	15,22,26,
4183	12,
4184	49,
4185	13,43,
4186	4,
4187	0,16,37,48,
4188	22,
4189	44,
4190	9,
4191	39,
4192	24,25,31,38,
4193	18,24,
4194	24,
4195	7,13,14,24,38,
4196	35,
4197	1,44,
4198	5,13,20,43,
4199	9,10,24,
4200	32,
4201	39,
4202	2,4,19,33,47,
4203	8,37,
4204	3,4,34,
4205	9,15,33,36,
4206	11,19,24,49,
4207	39,26,45,
4208	12,
4209	6,22,47,
4210	8,16,
4211	7,9,43,
4212	2,
4213	42,
4214	9,16,18,22,36,39,
4215	4,
4216	9,35,
4217	20,43,
4218	4,
4219	27,32,
4220	18,36,40,
4221	0,19,
4222	4,20,27,35,49,
4223	7,22,
4224	14,23,34,47,
4225	10,32,
4226	40,
4227	11,37,9,
4228	23,43,
4229	21,38,42,
4230	7,13,46,
4231	36,23,
4232	1,12,15,16,47,
4233	19,28,
4234	9,13,44,
4235	46,
4236	3,
4237	45,
4238	47,
4239	20,
4240	15,33,
4241	0,32,39,
4242	21,30,31,
4243	27,
4244	22,30,44,
4245	41,15,23,
4246	22,
4247	22,24,
4248	0,4,12,
4249	24,45,
4250	22,6,
4251	17,28,
4252	31,33,45,48,
4253	6,25,34,
4254	16,20,
4255	1,2,40,
4256	11,30,39,
4257	13,42,
4258	44,
4259	3,9,20,37,
4260	10,20,37,
4261	2,15,27,42,
4262	28,25,17,
4263	2,20,
4264	7,18,23,
4265	11,
4266	29,33,
4267	2,
4268	15,21,43,
4269	33,39,45,47,
4270	15,23,
4271	19,21,
4272	18,19,7,
4273	0,13,20,49,
4274	7,22,28,48,
4275	34,36,
4276	46,
4277	14,37,
4278	5,13,21,
4279	48,38,
4280	3,4,37,
4281	43,12,6,
4282	11,17,
4283	34,
4284	24,41,48,
4285	14,36,
4286	11,49,
4287	20,44,
4288	14,30,33,
4289	3,29,
4290	7,39,
4291	12,
4292	42,
4293	1,26,37,
4294	11,34,37,
4295	14,17,24,
4296	23,40,
4297	0,14,
4298	16,29,
4299	3,22,37,
4300	19,28,39,
4301	19,28,
4302	9,
4303	0,35,49,
4304	27,
4305	19,28,
4306	4,18,33,
4307	4,
4308	4,7,26,33,
4309	24,21,9,
4310	1,9,
4311	13,49,
4312	40,5,27,
4313	2,10,17,29,42,
4314	13,27,
4315	20,47,48,
4316	4,15,38,
4317	2,
4318	14,24,28,
4319	41,10,48,
4320	1,9,
4321	28,31,34,46,
4322	49,
4323	2,20,
4324	1,
4325	22,26,46,
4326	24,37,
4327	0,1,
4328	37,42,
4329	15,18,26,27,46,48,
4330	23,30,38,39,41,
4331	5,28,36,
4332	14,28,
4333	32,47,
4334	8,
4335	5,16,33,
4336	14,18,31,45,
4337	25,42,
4338	20,
4339	10,23,36,38,
4340	18,45,
4341	5,29,
4342	1,13,20,24,25,35,
4343	1,8,
4344	26,
4345	22,36,
4346	1,17,27,30,
4347	31,
4348	9,
4349	0,7,27,28,
4350	36,48,19,
4351	19,47,
4352	12,
4353	32,9,
4354	3,17,19,
4355	44,40,11,
4356	29,
4357	22,26,
4358	7,10,
4359	22,
4360	31,47,48,
4361	12,27,
4362	17,33,
4363	19,
4364	20,
4365	19,22,37,
4366	6,12,27,49,
4367	28,
4368	22,32,
4369	0,17,19,47,
4370	9,
4371	9,
4372	15,
4373	2,30,
4374	23,40,
4375	37,49,
4376	7,19,38,42,
4377	17,34,
4378	13,25,34,37,48,
4379	7,29,
4380	44,
4381	8,13,43,
4382	3,25,28,29,49,
4383	47,
4384	12,15,
4385	29,
4386	39,
4387	19,
4388	34,
4389	31,35,
4390	1,23,30,
4391	20,
4392	5,7,18,43,
4393	14,
4394	1,2,
4395	20,24,27,
4396	44,
4397	18,48,
4398	0,39,46,49,
4399	12,
4400	16,18,38,
4401	18,27,
4402	2,23,39,
4403	1,7,31,
4404	23,35,43,
4405	28,36,
4406	21,24,28,
4407	48,
4408	42,43,
4409	3,9,41,
4410	3,18,34,44,
4411	1,12,
4412	7,9,17,
4413	7,19,31,
4414	9,30,
4415	7,41,
4416	15,20,26,
4417	14,23,45,
4418	28,
4419	15,
4420	17,32,33,
4421	16,
4422	23,
4423	7,18,
4424	19,39,
4425	5,20,37,
4426	4,
4427	16,22,39,
4428	9,
4429	13,
4430	7,14,44,
4431	8,
4432	15,33,48,
4433	30,
4434	15,31,
4435	30,
4436	26,
4437	18,41,
4438	24,38,
4439	15,39,42,45,
4440	8,33,22,
4441	36,
4442	23,32,
4443	1,11,22,29,42,
4444	7,45,
4445	41,
4446	19,
4447	13,
4448	27,
4449	22,
4450	0,26,32,42,
4451	2,15,
4452	22,38,48,
4453	11,24,38,
4454	26,
4455	1,28,
4456	29,
4457	17,
4458	3,8,12,21,
4459	14,15,29,
4460	28,
4461	17,44,
4462	24,
4463	17,37,
4464	44,46,
4465	37,
4466	7,17,30,
4467	49,
4468	21,42,43,
4469	34,
4470	3,6,16,21,44,
4471	18,
4472	33,34,35,40,42,44,
4473	27,6,
4474	9,
4475	41,
4476	40,14,
4477	17,
4478	10,22,36,
4479	32,
4480	33,42,
4481	25,27,
4482	23,28,
4483	7,12,34,36,
4484	15,24,34,
4485	6,22,29,
4486	8,18,24,28,39,42,
4487	15,18,
4488	0,9,
4489	5,15,41,48,
4490	20,47,
4491	0,18,49,
4492	47,48,2,
4493	9,
4494	0,25,
4495	12,
4496	47,
4497	8,44,
4498	22,23,32,44,
4499	5,10,18,21,
4500	7,
4501	4,6,
4502	14,46,
4503	11,43,30,
4504	3,4,31,
4505	6,16,22,38,
4506	48,
4507	2,37,
4508	5,36,
4509	13,32,45,48,49,
4510	39,
4511	3,5,7,17,22,35,
4512	18,
4513	47,
4514	11,
4515	45,49,13,
4516	18,
4517	1,4,8,
4518	4,43,
4519	4,23,
4520	30,45,
4521	38,6,4,
4522	28,
4523	25,
4524	43,46,
4525	23,31,39,
4526	8,20,36,45,
4527	32,34,
4528	28,26,
4529	6,34,
4530	14,
4531	46,1,
4532	2,47,
4533	15,21,
4534	43,42,
4535	15,30,
4536	4,48,
4537	27,28,39,
4538	46,
4539	16,28,32,
4540	30,3,26,
4541	17,25,35,
4542	7,38,
4543	32,
4544	32,10,8,
4545	2,
4546	3,26,
4547	25,
4548	30,0,
4549	6,30,
4550	18,29,32,
4551	13,14,24,
4552	49,10,
4553	26,36,37,
4554	0,20,
4555	16,35,47,
4556	7,26,45,46,
4557	4,
4558	23,39,
4559	8,19,
4560	18,23,25,27,
4561	29,48,
4562	21,43,
4563	0,38,
4564	12,44,48,
4565	20,38,
4566	0,26,
4567	24,26,29,48,
4568	33,46,
4569	18,34,
4570	26,
4571	1,
4572	5,22,34,
4573	38,
4574	1,38,40,
4575	3,9,19,20,25,26,
4576	49,
4577	35,
4578	6,40,48,
4579	16,
4580	29,44,
4581	48,
4582	18,31,
4583	44,
4584	27,4,
4585	43,
4586	6,15,29,41,
4587	9,
4588	14,32,46,
4589	12,21,35,
4590	26,
4591	4,39,43,
4592	6,14,19,20,28,
4593	37,21,31,
4594	9,36,41,
4595	46,10,
4596	18,25,35,
4597	19,24,28,43,
4598	3,
4599	16,17,22,26,34,
4600	46,
4601	11,28,
4602	0,9,31,49,
4603	24,
4604	23,
4605	27,
4606	8,
4607	19,26,
4608	23,4,40,
4609	3,27,47,
4610	23,28,
4611	10,21,47,
4612	49,30,48,
4613	5,36,45,
4614	16,12,
4615	14,
4616	32,44,
4617	22,39,43,
4618	21,
4619	44,
4620	29,
4621	3,
4622	16,24,
4623	44,40,
4624	21,
4625	2,9,13,17,21,
4626	11,16,
4627	1,21,
4628	1,
4629	13,18,
4630	46,
4631	16,22,
4632	44,
4633	15,46,
4634	14,29,
4635	3,24,
4636	26,47,23,
4637	3,5,39,
4638	45,
4639	31,12,3,
4640	47,48,
4641	2,41,
4642	2,9,14,35,48,
4643	15,23,49,
4644	25,28,34,
4645	35,25,
4646	0,30,
4647	35,42,
4648	2,3,4,13,25,48,
4649	2,33,
4650	10,38,47,
4651	9,
4652	26,47,
4653	14,32,33,49,
4654	6,37,42,
4655	11,14,
4656	3,23,
4657	24,36,45,
4658	23,29,
4659	34,
4660	4,22,30,35,
4661	16,
4662	21,24,
4663	1,
4664	7,9,37,
4665	3,17,41,
4666	10,
4667	4,6,12,
4668	19,28,30,34,
4669	7,19,29,
4670	26,42,
4671	12,18,
4672	28,0,
4673	14,23,46,
4674	28,40,
4675	10,16,46,
4676	0,40,
4677	13,39,45,
4678	9,11,
4679	21,33,34,37,
4680	5,
4681	14,15,20,28,
4682	41,
4683	16,19,49,
4684	24,42,
4685	20,
4686	39,41,
4687	31,36,
4688	3,19,
4689	3,7,9,
4690	11,43,
4691	32,
4692	22,9,2,
4693	13,24,34,44,
4694	3,
4695	1,3,4,35,
4696	28,30,
4697	41,4,8,
4698	28,
4699	2,13,14,25,
4700	21,
4701	27,35,
4702	4,13,41,
4703	34,
4704	1,30,48,
4705	0,6,
4706	14,
4707	3,13,24,32,
4708	23,
4709	16,34,44,
4710	42,48,
4711	36,
4712	0,5,8,37,
4713	16,28,
4714	46,
4715	17,40,
4716	11,32,36,
4717	22,35,
4718	13,37,
4719	15,23,35,
4720	27,35,
4721	1,26,48,
4722	5,23,
4723	32,
4724	13,42,
4725	12,
4726	1,16,34,45,
4727	2,26,
4728	17,
4729	17,47,
4730	45,
4731	21,
4732	12,34,37,38,46,
4733	26,20,17,
4734	9,28,
4735	1,20,22,
4736	8,14,48,
4737	22,37,30,
4738	23,
4739	38,48,
4740	43,
4741	17,31,
4742	19,24,48,
4743	23,26,34,
4744	25,
4745	4,12,25,28,
4746	6,
4747	35,39,
4748	20,36,47,
4749	24,30,40,
4750	10,20,26,34,49,
4751	41,
4752	18,
4753	18,29,36,
4754	42,
4755	18,19,
4756	17,22,
4757	2,49,
4758	8,
4759	26,34,45,
4760	18,45,
4761	8,15,31,
4762	24,
4763	4,30,46,
4764	32,
4765	9,34,46,
4766	9,26,42,
4767	22,43,
4768	22,40,48,
4769	14,43,38,
4770	7,32,
4771	4,29,
4772	11,23,27,47,49,
4773	2,21,44,
4774	10,20,
4775	35,
4776	22,27,31,
4777	22,
4778	1,22,
4779	44,
4780	17,24,29,39,
4781	0,
4782	48,
4783	3,
4784	3,20,49,
4785	15,24,
4786	4,24,1,
4787	17,
4788	17,22,35,40,
4789	0,24,
4790	19,44,
4791	36,44,38,
4792	35,
4793	22,
4794	16,28,
4795	6,17,
4796	22,
4797	48,
4798	8,
4799	0,9,16,
4800	42,
4801	12,
4802	20,
4803	4,11,41,
4804	12,13,38,
4805	4,
4806	1,24,
4807	9,
4808	1,4,15,23,34,42,
4809	31,35,46,
4810	42,
4811	3,6,43,49,
4812	40,42,
4813	23,33,
4814	11,
4815	40,47,
4816	13,30,45,
4817	8,
4818	15,20,
4819	41,1,18,
4820	29,45,
4821	5,12,
4822	16,20,
4823	20,24,
4824	2,
4825	23,42,
4826	42,
4827	41,
4828	8,24,26,27,32,
4829	18,
4830	7,11,37,
4831	3,13,15,23,
4832	2,7,15,29,44,
4833	43,
4834	31,
4835	5,32,37,
4836	9,16,17,48,
4837	15,38,49,
4838	8,10,25,35,48,
4839	39,
4840	0,16,43,
4841	18,32,
4842	19,39,
4843	7,20,43,
4844	3,22,
4845	31,
4846	38,40,
4847	26,
4848	42,46,49,
4849	36,42,
4850	5,13,25,28,34,49,
4851	35,
4852	10,32,33,
4853	21,48,
4854	25,
4855	19,
4856	22,24,
4857	2,
4858	1,10,14,
4859	13,21,29,34,
4860	25,
4861	5,
4862	14,42,
4863	10,12,
4864	24,31,
4865	29,33,
4866	8,48,
4867	30,
4868	33,42,27,
4869	34,49,
4870	8,12,20,22,34,
4871	7,
4872	4,15,18,
4873	25,10,
4874	29,46,48,
4875	19,20,21,
4876	0,6,44,
4877	41,
4878	28,44,
4879	43,5,22,
4880	24,44,45,
4881	0,27,8,
4882	26,
4883	1,4,
4884	20,25,26,31,48,
4885	11,29,37,
4886	38,
4887	17,20,39,
4888	9,11,49,
4889	9,11,15,34,
4890	16,23,
4891	8,18,36,44,
4892	24,38,
4893	8,28,
4894	46,
4895	21,
4896	46,22,19,
4897	29,24,
4898	24,48,
4899	13,19,44,
4900	1,15,21,25,28,39,
4901	0,22,23,32,36,
4902	33,
4903	36,40,
4904	17,25,32,
4905	6,47,
4906	30,
4907	16,29,31,36,
4908	32,44,
4909	6,12,18,26,49,
4910	29,
4911	7,22,
4912	5,6,
4913	15,
4914	12,33,35,
4915	29,32,
4916	37,
4917	43,23,24,
4918	20,43,
4919	27,12,
4920	42,39,7,
4921	29,42,43,
4922	38,
4923	13,20,23,24,
4924	38,1,
4925	17,36,
4926	41,46,
4927	21,7,
4928	8,31,
4929	6,46,
4930	1,3,
4931	15,46,
4932	3,7,34,
4933	30,
4934	49,
4935	0,
4936	21,26,27,28,
4937	28,
4938	37,43,
4939	5,11,
4940	19,
4941	3,28,6,
4942	0,20,29,
4943	18,37,
4944	22,36,
4945	15,37,
4946	3,
4947	4,13,
4948	2,9,25,34,
4949	6,
4950	49,
4951	14,
4952	0,11,17,
4953	2,9,
4954	18,37,48,
4955	8,18,
4956	37,
4957	1,7,17,27,30,
4958	13,21,
4959	37,
4960	1,24,29,38,48,
4961	2,
4962	9,12,22,27,
4963	3,26,28,
4964	23,
4965	22,37,40,42,
4966	33,45,
4967	19,20,
4968	12,21,35,
4969	7,
4970	13,21,26,
4971	38,44,
4972	9,
4973	3,27,31,35,48,
4974	4,37,
4975	6,23,
4976	6,14,25,31,37,
4977	7,34,
4978	6,25,
4979	22,
4980	49,
4981	13,41,43,
4982	6,20,
4983	11,15,21,29,
4984	46,
4985	15,
4986	10,35,49,
4987	12,18,
4988	26,0,
4989	26,
4990	34,
4991	40,18,24,
4992	23,42,
4993	8,42,
4994	13,32,
4995	43,
4996	16,
4997	23,
4998	22,
4999	19,
