0	6,14,15,23,
1	8,9,18,
2	34,0,2,
3	15,5,
4	11,
5	10,32,
6	2,16,22,33,44,48,
7	25,46,
8	2,
9	13,45,
10	9,12,
11	2,16,42,
12	1,3,7,
13	19,34,
14	42,
15	38,
16	0,
17	2,23,
18	37,46,
19	16,
20	33,42,47,
21	35,
22	35,
23	25,
24	18,
25	12,17,28,
26	0,38,44,
27	43,
28	3,32,
29	22,25,35,42,44,
30	35,44,
31	0,7,
32	18,20,21,
33	43,45,
34	20,
35	21,
36	0,22,37,
37	48,
38	2,3,8,16,21,25,47,
39	29,
40	0,
41	10,
42	15,23,29,48,
43	17,29,
44	8,
45	5,19,
46	2,3,19,23,42,
47	2,27,
48	8,13,18,
49	34,
50	45,7,17,
51	9,25,45,46,
52	7,
53	9,24,32,
54	2,27,28,46,
55	39,
56	13,41,42,
57	14,19,22,35,46,
58	9,11,15,20,21,28,31,
59	1,16,40,
60	14,46,
61	40,
62	26,
63	26,
64	10,
65	6,13,34,37,
66	48,
67	25,26,
68	24,27,36,
69	0,13,34,45,
70	14,41,45,
71	29,
72	1,25,3,
73	43,
74	14,21,29,41,42,
75	30,
76	31,
77	25,47,
78	21,28,
79	15,24,
80	19,21,
81	12,14,17,24,34,45,
82	7,15,29,43,
83	9,21,
84	17,21,47,
85	0,15,
86	11,
87	5,47,
88	9,
89	48,5,
90	38,41,46,
91	3,9,21,
92	31,
93	24,
94	14,44,
95	20,27,39,
96	46,
97	0,34,
98	8,45,
99	42,
100	15,39,
101	28,48,9,
102	14,27,44,45,
103	5,38,
104	27,29,
105	27,31,38,47,
106	13,23,
107	45,
108	1,33,34,
109	7,24,42,
110	11,12,13,33,
111	7,39,
112	25,
113	30,
114	40,
115	10,27,
116	16,23,
117	1,4,5,
118	41,
119	8,9,23,46,
120	22,26,
121	10,14,29,
122	0,18,36,45,
123	15,18,27,
124	25,36,
125	0,13,30,43,
126	13,
127	3,
128	15,37,
129	9,43,48,
130	18,32,39,40,
131	25,30,47,49,
132	9,14,17,
133	36,7,34,
134	9,11,28,
135	23,
136	7,27,
137	8,14,16,42,
138	8,
139	2,49,
140	46,41,
141	29,
142	47,
143	3,7,12,26,43,
144	25,31,39,
145	39,
146	16,29,33,
147	46,20,6,
148	42,
149	32,
150	16,27,30,
151	21,23,
152	49,
153	8,14,
154	23,
155	16,40,
156	8,12,
157	5,46,
158	25,
159	0,2,23,30,35,44,45,
160	13,20,40,
161	4,
162	18,36,
163	7,
164	15,20,
165	15,
166	30,33,
167	9,21,30,33,
168	9,13,24,35,
169	46,
170	48,
171	1,11,29,
172	6,48,
173	2,3,30,
174	6,10,20,
175	2,33,
176	7,19,38,
177	13,
178	45,
179	0,
180	6,39,
181	4,
182	3,48,
183	16,33,45,
184	22,2,
185	4,36,45,48,
186	29,
187	14,
188	43,
189	3,25,36,
190	22,37,49,
191	2,32,44,47,
192	10,15,21,
193	0,
194	8,
195	23,
196	0,7,9,20,47,
197	25,
198	16,35,
199	36,
200	36,24,0,
201	39,
202	21,
203	5,32,
204	3,9,
205	9,23,46,
206	42,
207	2,27,29,
208	6,10,26,
209	0,
210	37,30,
211	10,31,
212	5,9,47,
213	46,13,42,
214	35,15,
215	44,29,12,
216	10,34,
217	8,29,
218	43,13,33,
219	7,10,22,
220	41,
221	47,9,13,
222	3,25,27,33,36,
223	49,35,
224	39,20,
225	0,8,34,
226	23,30,
227	10,15,25,27,30,35,
228	27,
229	1,26,41,
230	48,
231	16,
232	38,
233	5,
234	19,26,
235	28,39,48,
236	1,42,
237	5,39,48,
238	13,24,48,
239	2,9,20,39,
240	0,24,36,44,49,
241	23,9,
242	22,
243	3,10,22,24,38,
244	17,
245	36,
246	10,20,28,
247	5,
248	16,48,
249	2,7,31,
250	9,36,46,
251	8,20,39,46,
252	2,
253	30,33,46,
254	19,
255	17,20,26,42,
256	41,38,9,
257	33,
258	9,27,42,48,
259	8,10,27,44,
260	36,
261	15,
262	7,20,36,
263	40,
264	6,10,
265	39,
266	31,47,
267	1,4,28,45,
268	27,35,
269	14,31,
270	4,23,30,
271	5,
272	6,9,42,
273	29,
274	28,
275	17,
276	13,27,
277	9,17,28,
278	41,46,
279	1,9,16,39,41,
280	18,38,
281	33,5,
282	18,47,19,
283	4,45,
284	16,
285	17,19,37,48,
286	3,32,40,
287	10,12,37,
288	40,
289	13,26,
290	3,30,31,37,
291	1,11,
292	8,38,40,
293	5,7,23,
294	0,32,46,
295	1,11,14,19,49,
296	28,35,41,
297	19,
298	11,15,20,36,
299	16,23,24,32,47,
300	5,
301	24,
302	39,
303	38,
304	13,31,33,
305	9,14,44,
306	2,18,
307	5,37,
308	6,21,
309	10,
310	8,
311	23,
312	9,
313	22,
314	35,
315	2,
316	12,41,47,
317	30,37,44,
318	9,15,23,27,40,
319	7,11,27,33,34,36,39,
320	16,
321	20,21,40,
322	35,44,
323	2,6,26,
324	15,16,
325	37,45,
326	7,27,
327	10,31,40,41,
328	36,49,
329	26,
330	41,
331	0,36,27,
332	15,
333	18,30,40,
334	11,
335	18,42,43,
336	35,1,
337	10,34,
338	12,
339	14,16,34,35,36,
340	46,
341	2,
342	7,24,30,31,39,46,
343	24,
344	19,24,30,37,
345	23,
346	4,9,19,
347	5,
348	6,21,
349	3,34,45,
350	35,27,
351	1,37,46,
352	11,
353	25,45,
354	0,3,20,
355	3,21,
356	7,
357	31,
358	10,45,
359	2,24,27,
360	17,
361	3,27,
362	48,20,12,
363	21,22,
364	5,28,33,
365	4,15,39,
366	30,
367	18,43,47,49,
368	13,24,27,34,43,
369	15,
370	0,10,20,39,46,
371	8,15,
372	2,11,34,
373	21,40,
374	15,29,45,47,
375	30,44,47,
376	25,24,
377	2,
378	28,
379	9,18,32,34,37,
380	5,
381	2,7,19,30,
382	0,2,18,44,
383	4,11,17,30,
384	0,37,43,
385	17,29,32,47,
386	46,
387	3,
388	10,18,
389	7,15,
390	33,49,
391	3,23,
392	11,
393	7,10,15,
394	28,34,
395	11,46,
396	7,37,44,
397	14,
398	9,25,
399	35,
400	6,16,
401	40,
402	37,
403	7,
404	0,24,43,47,
405	1,36,39,
406	2,27,40,47,
407	20,27,
408	11,21,35,
409	10,23,
410	21,23,
411	2,43,
412	45,46,
413	29,
414	7,14,40,
415	38,
416	12,32,
417	27,33,
418	41,40,
419	5,37,41,49,
420	7,15,32,
421	18,22,30,
422	12,16,25,32,48,
423	33,45,
424	8,36,
425	32,21,
426	9,13,
427	33,
428	40,
429	2,15,19,24,41,
430	39,
431	16,21,48,
432	32,40,
433	0,9,
434	23,
435	26,37,13,
436	2,19,
437	26,47,
438	44,47,
439	8,7,
440	38,
441	1,
442	1,
443	28,46,
444	16,
445	20,
446	16,35,44,
447	7,18,
448	11,13,14,
449	2,14,36,45,
450	12,14,
451	12,18,38,
452	21,31,43,45,49,
453	15,49,
454	2,23,
455	2,
456	39,
457	10,
458	0,19,46,
459	0,20,
460	5,12,32,36,
461	6,
462	17,18,41,
463	2,5,12,
464	22,
465	1,6,19,
466	1,
467	28,
468	16,
469	8,14,
470	17,19,29,
471	49,
472	38,
473	1,5,9,45,
474	18,
475	12,16,25,31,
476	7,33,37,38,
477	0,5,37,47,
478	6,32,
479	28,44,
480	2,21,
481	8,22,41,
482	14,40,49,
483	12,
484	17,
485	2,42,10,
486	14,
487	38,
488	11,21,
489	43,
490	3,42,
491	36,
492	43,46,
493	8,16,37,
494	11,18,35,
495	15,
496	43,
497	18,
498	40,45,
499	34,46,
500	10,24,28,38,
501	25,28,
502	0,16,24,36,
503	6,14,15,27,42,
504	41,
505	30,31,
506	5,
507	3,
508	10,22,23,26,34,
509	9,17,
510	10,13,
511	21,23,
512	17,
513	42,
514	44,
515	37,
516	18,49,
517	45,
518	0,
519	15,30,31,33,42,
520	13,27,29,
521	26,
522	9,
523	32,
524	6,16,
525	18,
526	30,40,48,
527	24,29,36,44,
528	37,34,1,
529	5,15,27,28,46,
530	13,33,44,
531	15,31,
532	33,
533	44,28,30,
534	19,39,43,45,47,
535	14,15,29,37,39,
536	2,7,
537	6,15,
538	36,13,23,
539	0,9,21,23,
540	23,
541	19,
542	19,38,
543	7,12,42,
544	4,18,25,
545	6,49,
546	15,25,37,
547	11,
548	3,42,
549	0,35,
550	0,16,26,34,35,41,
551	27,18,41,
552	18,
553	7,44,
554	22,49,
555	3,15,38,
556	16,
557	30,
558	14,
559	0,15,
560	1,9,33,
561	19,39,
562	5,12,
563	36,49,
564	45,
565	32,42,
566	2,3,28,46,
567	5,17,20,37,47,
568	4,14,22,24,35,
569	24,27,39,
570	16,24,34,45,
571	2,5,17,25,
572	0,
573	43,
574	38,42,
575	31,49,
576	40,
577	11,47,23,
578	2,11,36,
579	3,42,
580	12,
581	22,
582	16,34,
583	49,
584	18,
585	13,26,35,
586	19,
587	35,8,11,
588	5,12,26,
589	5,14,
590	1,9,27,30,
591	33,
592	8,15,
593	21,48,
594	9,10,23,42,
595	38,
596	0,8,27,
597	27,
598	44,
599	37,45,48,
600	32,42,
601	2,46,
602	6,10,18,38,
603	22,48,
604	8,20,
605	46,
606	20,24,
607	36,44,
608	25,
609	6,7,15,39,
610	29,28,
611	3,44,
612	12,29,30,48,
613	49,
614	26,40,41,48,
615	30,37,
616	35,
617	3,32,37,44,48,
618	5,39,
619	7,
620	13,
621	46,
622	10,36,38,49,
623	8,10,15,29,
624	13,18,34,
625	9,31,49,
626	3,4,19,43,
627	22,
628	34,
629	8,45,
630	7,40,
631	13,17,
632	15,
633	16,
634	12,44,
635	10,11,36,
636	8,13,41,
637	15,32,
638	15,
639	15,
640	26,32,
641	44,21,
642	16,
643	43,
644	32,
645	41,
646	0,42,45,
647	16,17,29,
648	3,
649	7,24,36,
650	15,21,
651	7,14,
652	31,33,34,
653	17,35,
654	2,29,
655	0,
656	10,
657	0,37,41,46,
658	9,
659	22,16,49,
660	38,
661	7,14,29,30,
662	3,25,33,
663	3,20,
664	18,32,
665	15,28,
666	0,24,29,35,38,
667	15,30,8,
668	8,43,
669	38,
670	28,42,
671	7,
672	42,
673	2,14,
674	2,34,
675	20,31,
676	4,14,
677	9,30,35,36,
678	10,11,35,38,
679	17,25,40,
680	29,32,47,
681	14,30,38,46,
682	2,39,44,46,
683	12,
684	11,31,
685	8,9,26,32,
686	13,
687	45,
688	3,39,
689	25,
690	18,24,41,
691	37,
692	30,37,
693	21,35,41,46,
694	0,42,47,
695	35,39,41,
696	18,
697	10,30,47,
698	0,
699	24,40,47,49,
700	8,18,24,25,
701	30,14,
702	40,
703	40,
704	16,27,
705	37,42,
706	1,37,
707	6,11,24,41,
708	2,14,32,
709	20,
710	40,
711	21,42,
712	37,39,
713	9,
714	14,17,19,
715	32,38,
716	23,
717	0,
718	10,
719	21,47,
720	5,15,
721	1,43,
722	18,22,48,
723	1,14,21,25,27,
724	16,37,
725	2,10,43,
726	28,31,
727	41,38,12,
728	31,
729	3,10,45,
730	9,22,43,
731	13,
732	3,31,
733	42,37,
734	42,
735	1,18,34,38,
736	1,2,21,24,26,32,39,
737	2,15,18,36,39,40,
738	26,15,46,
739	15,23,
740	0,21,
741	0,
742	7,33,40,41,
743	16,19,45,
744	27,35,36,41,42,
745	11,40,
746	27,
747	7,36,
748	6,17,25,49,
749	3,
750	11,43,48,49,
751	32,
752	13,25,42,
753	15,25,36,39,
754	31,
755	34,
756	49,
757	33,36,
758	18,19,
759	16,24,
760	34,
761	16,38,
762	2,
763	27,34,44,
764	13,48,
765	30,
766	7,38,
767	6,
768	6,22,45,
769	10,29,31,
770	4,31,
771	6,20,33,
772	3,4,9,25,37,46,
773	7,31,37,
774	17,4,5,
775	18,39,
776	3,18,20,
777	29,
778	26,39,46,
779	35,
780	31,17,
781	1,33,43,
782	2,6,23,27,
783	19,
784	7,27,
785	11,16,20,27,29,
786	2,15,
787	7,19,
788	2,16,
789	5,24,
790	32,
791	24,46,
792	10,34,48,
793	14,26,28,
794	3,19,32,34,48,
795	36,45,
796	1,20,
797	22,35,45,
798	1,
799	18,
800	14,39,41,
801	5,45,
802	35,43,
803	18,39,
804	5,40,
805	8,41,
806	16,
807	2,16,21,
808	15,
809	12,
810	36,
811	35,
812	3,19,26,
813	21,31,36,45,
814	8,9,14,31,39,
815	16,33,
816	16,22,37,
817	19,24,26,44,48,
818	5,24,31,41,
819	32,
820	11,12,42,
821	29,44,
822	36,48,
823	15,17,21,
824	12,39,
825	20,25,28,
826	1,17,7,
827	9,17,44,
828	44,
829	21,35,
830	11,19,
831	26,44,48,
832	38,
833	7,9,18,25,31,36,39,47,
834	43,
835	21,
836	21,23,
837	6,15,
838	0,16,
839	38,
840	15,
841	10,21,43,
842	2,24,31,32,43,
843	0,7,
844	17,19,
845	9,12,16,30,37,
846	3,16,18,21,
847	0,20,36,
848	21,26,37,
849	22,34,
850	23,49,
851	20,
852	43,
853	3,4,14,
854	12,20,30,33,34,38,47,
855	16,
856	15,35,
857	10,20,
858	35,46,
859	19,28,49,
860	23,43,
861	4,27,
862	8,18,38,
863	45,38,47,
864	2,
865	44,
866	19,38,40,
867	2,13,15,
868	31,
869	25,38,
870	45,37,
871	9,23,
872	4,12,25,28,
873	11,35,
874	11,16,40,
875	3,37,39,49,
876	37,5,
877	0,1,24,30,41,
878	34,40,47,
879	24,
880	15,7,
881	38,
882	43,48,
883	0,31,33,
884	8,
885	7,30,
886	13,30,
887	32,
888	26,
889	7,13,15,16,
890	2,
891	4,9,12,30,31,42,45,
892	30,23,48,
893	10,11,
894	29,
895	10,
896	47,
897	31,45,49,
898	45,
899	4,11,19,30,34,42,47,
900	15,
901	3,39,28,
902	5,41,
903	3,
904	25,47,36,
905	27,34,
906	13,41,44,
907	10,20,29,39,46,
908	8,9,47,
909	7,13,
910	42,
911	4,8,
912	16,
913	11,25,30,
914	40,
915	16,25,
916	9,35,
917	11,20,39,
918	7,44,
919	17,32,
920	9,24,
921	36,
922	3,9,10,25,28,49,
923	19,
924	8,17,40,44,
925	3,
926	11,12,20,49,
927	40,
928	9,21,44,
929	31,
930	41,44,
931	7,8,11,
932	7,9,
933	2,31,
934	15,27,33,
935	14,
936	12,25,32,
937	9,29,37,
938	20,42,
939	17,25,
940	1,45,20,
941	18,
942	33,
943	8,13,32,49,
944	5,7,
945	2,
946	42,44,
947	1,38,
948	14,18,25,47,
949	38,
950	5,
951	23,
952	0,16,
953	10,35,39,
954	4,22,
955	40,
956	41,
957	42,46,
958	29,47,
959	0,4,
960	5,10,37,
961	0,30,
962	18,44,
963	5,
964	0,
965	36,22,
966	0,3,23,25,42,48,
967	32,
968	18,30,38,
969	10,16,40,44,
970	25,
971	2,35,
972	0,
973	44,12,
974	42,
975	34,
976	28,
977	0,24,
978	1,8,27,34,40,
979	27,30,44,
980	0,29,
981	18,45,
982	17,
983	3,
984	45,
985	4,
986	19,
987	33,20,4,
988	12,19,26,30,36,
989	7,1,30,
990	17,
991	12,
992	19,44,
993	17,
994	38,42,
995	41,44,
996	29,41,
997	48,
998	24,
999	11,
1000	5,13,18,
1001	12,22,
1002	5,45,
1003	7,8,27,41,
1004	8,
1005	34,
1006	2,23,34,
1007	40,
1008	24,28,
1009	16,18,19,29,
1010	3,
1011	31,
1012	2,46,
1013	6,
1014	2,13,34,39,42,46,
1015	13,24,
1016	17,43,49,
1017	19,
1018	47,22,
1019	9,26,
1020	34,41,
1021	5,
1022	17,19,23,39,
1023	6,48,
1024	18,40,
1025	17,
1026	35,
1027	49,10,30,
1028	3,20,
1029	19,
1030	7,36,
1031	8,41,
1032	0,24,
1033	32,18,31,
1034	12,
1035	6,44,48,
1036	13,
1037	5,19,
1038	13,22,
1039	15,
1040	42,12,
1041	8,35,46,47,
1042	16,28,31,
1043	23,31,34,
1044	4,20,24,
1045	29,34,41,
1046	16,31,44,
1047	29,44,24,
1048	30,
1049	7,42,
1050	1,20,37,
1051	16,39,43,
1052	2,6,23,24,
1053	34,37,
1054	5,
1055	39,40,42,
1056	12,17,34,
1057	11,22,39,
1058	30,
1059	39,47,
1060	42,
1061	35,
1062	27,
1063	0,
1064	5,40,
1065	10,9,25,
1066	18,29,
1067	29,35,
1068	13,28,
1069	5,
1070	22,
1071	15,35,41,46,
1072	15,21,22,32,
1073	6,
1074	12,8,
1075	10,13,
1076	36,40,42,
1077	8,13,18,29,
1078	5,8,25,29,46,48,
1079	49,
1080	3,19,
1081	1,8,45,
1082	35,
1083	16,40,
1084	10,30,46,
1085	3,
1086	45,
1087	17,45,
1088	10,39,
1089	3,48,43,
1090	39,
1091	22,25,
1092	18,32,35,
1093	22,40,
1094	19,
1095	29,31,34,40,43,
1096	2,18,28,44,
1097	18,33,
1098	1,3,10,
1099	1,15,48,49,
1100	15,32,
1101	8,
1102	1,30,35,
1103	12,33,
1104	8,
1105	8,10,31,40,
1106	17,
1107	16,44,
1108	13,20,
1109	16,23,
1110	37,
1111	12,24,41,
1112	0,4,23,45,49,
1113	44,
1114	16,
1115	31,42,
1116	35,
1117	10,15,
1118	21,45,
1119	11,38,
1120	10,48,49,
1121	25,27,43,44,
1122	4,
1123	27,
1124	16,23,30,34,
1125	11,25,33,38,
1126	37,35,33,
1127	15,16,21,26,29,
1128	15,
1129	11,
1130	13,
1131	11,13,38,
1132	8,3,46,
1133	2,19,25,
1134	37,40,
1135	9,11,
1136	18,
1137	31,
1138	42,
1139	31,17,
1140	7,28,45,
1141	7,26,
1142	2,
1143	0,15,35,
1144	10,36,
1145	8,9,15,34,
1146	44,
1147	7,34,42,
1148	2,47,
1149	17,28,
1150	3,
1151	22,27,32,
1152	8,
1153	10,13,18,
1154	25,29,30,32,
1155	15,18,32,
1156	0,23,
1157	26,
1158	28,
1159	5,41,
1160	20,
1161	21,4,44,
1162	27,
1163	27,
1164	47,
1165	1,40,
1166	9,43,46,
1167	1,14,20,26,27,
1168	30,
1169	10,27,37,
1170	5,27,44,
1171	8,
1172	42,
1173	8,40,
1174	4,11,
1175	35,
1176	27,37,
1177	23,
1178	32,38,
1179	1,
1180	37,
1181	26,34,45,
1182	12,
1183	23,
1184	37,
1185	30,
1186	11,47,
1187	8,10,
1188	5,16,28,
1189	29,
1190	9,
1191	40,
1192	42,
1193	17,25,27,42,
1194	6,18,
1195	11,21,42,46,
1196	27,26,32,
1197	9,
1198	5,
1199	4,7,
1200	8,44,
1201	23,
1202	16,36,
1203	2,
1204	30,7,
1205	10,29,
1206	29,37,42,
1207	15,
1208	3,19,
1209	1,
1210	6,16,25,26,
1211	3,14,45,46,
1212	0,
1213	28,48,
1214	1,45,
1215	26,
1216	21,33,5,
1217	13,29,
1218	9,21,26,46,
1219	0,35,
1220	5,10,19,
1221	30,38,
1222	10,17,
1223	12,6,30,
1224	8,41,
1225	13,19,22,36,
1226	15,30,34,44,
1227	6,26,40,
1228	12,27,37,38,
1229	17,24,
1230	2,9,24,40,45,
1231	10,30,38,
1232	9,
1233	8,17,26,
1234	36,
1235	26,
1236	8,37,48,
1237	3,
1238	9,
1239	27,44,
1240	1,24,28,42,49,
1241	17,
1242	11,35,49,
1243	18,32,39,
1244	14,16,18,49,
1245	47,
1246	3,15,16,
1247	4,31,
1248	4,45,
1249	43,35,
1250	27,25,43,
1251	27,
1252	0,15,34,
1253	17,31,
1254	9,32,
1255	10,
1256	2,26,35,47,
1257	35,
1258	8,
1259	44,
1260	1,
1261	6,35,
1262	0,16,17,19,30,42,47,
1263	1,45,
1264	4,7,21,
1265	43,45,
1266	24,39,
1267	11,18,
1268	4,8,
1269	14,42,
1270	14,
1271	1,31,
1272	8,39,40,41,
1273	6,18,25,48,
1274	33,42,
1275	0,36,
1276	4,23,33,45,
1277	28,8,
1278	0,5,16,17,22,27,30,
1279	4,
1280	18,
1281	13,24,48,
1282	7,31,36,42,44,
1283	11,
1284	18,25,
1285	31,
1286	38,
1287	14,38,
1288	35,44,46,
1289	11,28,32,33,
1290	24,45,
1291	0,
1292	12,31,
1293	17,25,40,
1294	0,32,40,
1295	15,
1296	46,21,
1297	43,
1298	3,5,
1299	30,41,44,
1300	17,
1301	14,26,27,41,45,
1302	3,14,15,26,
1303	8,13,
1304	22,45,
1305	27,
1306	12,16,27,
1307	0,8,33,36,43,44,
1308	17,29,42,
1309	41,31,
1310	12,21,30,
1311	3,15,24,
1312	3,32,
1313	16,17,
1314	0,27,
1315	3,18,27,
1316	10,
1317	7,
1318	7,29,32,
1319	20,37,27,
1320	29,33,
1321	9,12,24,
1322	11,40,
1323	7,14,37,
1324	38,
1325	22,
1326	2,35,47,
1327	14,
1328	8,11,22,33,35,
1329	31,
1330	38,39,
1331	27,49,
1332	13,37,42,43,
1333	7,8,15,19,32,33,41,
1334	32,47,49,
1335	6,
1336	5,40,
1337	18,30,
1338	20,5,
1339	3,34,35,
1340	16,
1341	33,23,21,
1342	9,35,
1343	10,16,18,31,
1344	4,30,35,
1345	19,
1346	47,
1347	10,
1348	1,4,6,
1349	35,49,
1350	9,12,37,44,
1351	8,47,
1352	27,42,
1353	3,7,
1354	0,
1355	33,42,
1356	9,42,
1357	32,21,
1358	37,43,
1359	14,23,49,
1360	5,29,33,41,
1361	4,21,47,49,
1362	3,23,
1363	24,
1364	38,42,
1365	25,46,
1366	9,22,25,26,
1367	13,15,
1368	3,12,40,
1369	35,44,45,
1370	15,16,21,
1371	27,
1372	2,
1373	11,
1374	38,
1375	35,46,
1376	4,
1377	27,47,44,
1378	31,
1379	5,18,27,
1380	8,
1381	44,
1382	2,15,16,19,28,29,45,
1383	7,37,
1384	19,24,
1385	27,46,47,
1386	3,24,32,
1387	10,16,22,35,38,43,
1388	18,47,
1389	45,
1390	32,28,35,
1391	15,16,
1392	39,
1393	3,8,10,11,14,26,
1394	34,
1395	14,28,38,45,
1396	14,20,32,36,41,
1397	3,14,21,44,
1398	14,30,1,
1399	4,25,35,
1400	16,
1401	24,
1402	0,11,23,27,38,41,47,
1403	26,
1404	4,5,38,
1405	24,29,48,
1406	1,5,36,
1407	48,27,
1408	32,
1409	24,39,
1410	41,
1411	46,24,36,
1412	3,29,
1413	14,17,32,
1414	27,
1415	27,
1416	8,
1417	29,41,
1418	5,21,22,29,35,
1419	17,39,43,
1420	12,41,
1421	4,14,
1422	2,
1423	19,20,45,
1424	6,13,25,26,38,
1425	9,18,22,40,
1426	25,
1427	21,38,
1428	5,9,30,32,
1429	38,39,
1430	20,41,
1431	7,30,35,47,
1432	26,42,
1433	0,40,
1434	24,
1435	3,18,35,42,
1436	5,9,14,18,25,33,36,
1437	2,11,21,44,
1438	28,
1439	0,
1440	12,16,
1441	1,21,36,
1442	9,33,
1443	10,
1444	5,
1445	46,21,36,
1446	11,41,
1447	44,
1448	4,22,29,
1449	21,29,
1450	4,7,9,
1451	9,11,20,
1452	2,
1453	24,
1454	17,43,
1455	36,43,
1456	41,
1457	5,
1458	8,48,
1459	36,
1460	46,
1461	10,12,17,23,28,40,
1462	32,
1463	17,
1464	22,
1465	24,48,
1466	27,
1467	3,8,46,
1468	31,
1469	40,48,
1470	17,25,26,
1471	26,37,
1472	24,
1473	4,36,38,
1474	32,
1475	16,34,
1476	16,27,
1477	10,18,31,
1478	11,24,26,32,46,
1479	8,47,
1480	2,18,25,
1481	25,35,
1482	17,
1483	10,32,35,44,
1484	11,22,36,
1485	25,39,
1486	31,
1487	2,
1488	21,
1489	4,15,
1490	9,11,
1491	23,
1492	29,32,47,
1493	44,
1494	5,14,26,
1495	19,24,36,39,
1496	3,19,36,40,41,45,
1497	36,
1498	1,7,17,18,33,
1499	40,9,4,
1500	7,
1501	9,16,19,
1502	5,
1503	23,
1504	22,24,31,
1505	7,22,40,
1506	39,
1507	18,22,
1508	2,14,27,49,
1509	16,20,
1510	11,16,21,28,
1511	11,15,16,
1512	9,
1513	24,44,
1514	14,18,35,38,
1515	2,14,16,18,
1516	19,49,
1517	20,
1518	5,34,
1519	29,
1520	4,
1521	37,5,
1522	1,5,37,40,
1523	9,
1524	32,38,11,
1525	38,
1526	15,41,
1527	5,21,35,
1528	26,40,
1529	11,
1530	49,
1531	3,44,
1532	15,24,26,48,
1533	44,49,
1534	6,21,42,44,
1535	11,13,15,33,
1536	28,
1537	20,
1538	42,
1539	42,
1540	10,
1541	1,32,35,
1542	15,27,
1543	6,34,39,
1544	12,21,
1545	40,43,
1546	26,
1547	24,28,37,
1548	40,3,
1549	9,12,33,
1550	24,
1551	7,11,46,
1552	9,
1553	6,16,32,33,
1554	2,4,46,
1555	35,46,
1556	9,15,
1557	23,42,
1558	4,22,32,36,
1559	3,7,11,27,29,30,
1560	4,10,28,46,
1561	4,14,16,
1562	16,
1563	35,
1564	39,
1565	13,22,25,
1566	33,41,48,
1567	10,14,19,
1568	1,25,
1569	27,
1570	3,19,
1571	29,34,36,41,
1572	3,22,
1573	10,35,
1574	22,47,
1575	14,
1576	15,43,
1577	22,38,
1578	18,45,26,
1579	27,29,37,
1580	28,35,37,44,
1581	25,
1582	12,43,
1583	2,
1584	34,47,
1585	11,48,
1586	9,42,
1587	17,20,43,
1588	16,28,
1589	29,
1590	14,17,31,
1591	14,36,37,
1592	23,30,
1593	1,4,36,
1594	35,
1595	3,46,
1596	22,
1597	2,9,
1598	9,
1599	41,
1600	24,
1601	34,49,41,
1602	2,
1603	25,
1604	33,
1605	21,36,
1606	18,
1607	10,23,
1608	18,35,
1609	1,18,37,
1610	11,13,15,
1611	35,
1612	1,14,16,17,
1613	4,30,43,45,
1614	0,9,30,46,
1615	14,40,
1616	21,
1617	40,12,37,
1618	3,19,29,35,45,
1619	18,
1620	20,49,
1621	40,46,
1622	9,27,30,
1623	14,15,
1624	44,49,
1625	7,14,
1626	11,20,
1627	4,10,15,48,
1628	9,17,31,
1629	5,45,
1630	28,40,
1631	7,
1632	12,
1633	25,
1634	18,19,
1635	3,40,
1636	7,8,
1637	14,23,28,35,
1638	4,12,20,
1639	9,20,32,43,
1640	4,14,20,33,44,
1641	13,
1642	3,24,31,32,43,45,
1643	8,17,31,
1644	7,
1645	22,25,28,37,
1646	28,43,27,
1647	30,34,48,
1648	11,43,
1649	11,19,47,
1650	1,12,
1651	29,30,
1652	47,
1653	8,17,40,
1654	4,
1655	18,21,
1656	43,
1657	0,8,14,42,
1658	16,5,
1659	11,
1660	44,18,
1661	27,34,42,
1662	3,4,41,43,
1663	23,29,30,35,
1664	4,
1665	27,
1666	1,42,
1667	5,
1668	16,36,
1669	10,
1670	20,30,
1671	8,
1672	3,7,
1673	0,15,26,44,
1674	8,9,29,
1675	22,
1676	15,
1677	14,
1678	0,
1679	11,13,
1680	23,27,36,
1681	10,32,
1682	3,
1683	11,
1684	49,
1685	4,7,
1686	6,34,40,46,
1687	11,47,
1688	10,44,45,
1689	17,
1690	28,
1691	3,27,
1692	7,15,37,
1693	19,39,
1694	39,49,
1695	42,23,17,
1696	19,44,
1697	4,16,17,23,43,
1698	1,12,17,29,
1699	5,
1700	20,23,47,
1701	34,
1702	12,20,40,
1703	24,33,34,
1704	7,42,44,
1705	20,
1706	30,
1707	3,
1708	1,6,
1709	32,11,
1710	38,
1711	5,38,44,
1712	30,
1713	2,
1714	8,
1715	10,
1716	8,18,42,
1717	13,15,18,19,49,
1718	8,
1719	11,27,44,
1720	5,16,45,48,
1721	5,23,31,36,37,42,
1722	9,11,26,
1723	3,5,20,
1724	15,24,35,36,
1725	46,
1726	3,23,33,44,
1727	31,32,
1728	30,38,19,
1729	1,8,21,
1730	13,33,
1731	6,21,24,26,
1732	36,
1733	7,43,
1734	38,
1735	10,32,
1736	37,
1737	6,15,28,43,44,
1738	14,30,
1739	44,24,
1740	23,
1741	15,17,
1742	40,
1743	49,
1744	43,36,41,
1745	28,29,
1746	0,31,
1747	6,9,25,26,42,
1748	27,
1749	45,
1750	38,
1751	9,
1752	27,15,
1753	19,42,47,
1754	0,8,22,
1755	28,31,
1756	1,12,32,
1757	34,44,
1758	15,
1759	2,24,48,
1760	34,
1761	34,
1762	12,25,29,
1763	7,39,
1764	2,16,
1765	8,
1766	13,49,46,
1767	18,27,29,37,
1768	24,
1769	27,
1770	6,49,
1771	14,15,22,35,44,
1772	16,19,35,
1773	10,48,
1774	14,18,45,
1775	2,40,
1776	7,28,35,
1777	0,6,49,
1778	18,26,34,36,49,
1779	8,14,23,
1780	4,
1781	17,
1782	26,41,
1783	7,
1784	13,34,
1785	24,29,
1786	33,
1787	15,40,47,
1788	28,43,46,
1789	31,
1790	4,8,14,
1791	2,4,22,
1792	7,15,22,28,
1793	20,
1794	15,
1795	18,27,37,44,
1796	19,29,33,
1797	6,24,40,
1798	48,
1799	24,32,49,
1800	14,41,43,
1801	14,24,
1802	6,16,32,36,
1803	27,
1804	15,
1805	38,48,
1806	44,
1807	26,
1808	13,43,
1809	22,25,34,
1810	21,31,
1811	7,29,
1812	16,
1813	3,29,45,
1814	1,28,
1815	1,7,16,20,36,
1816	14,29,
1817	31,
1818	27,21,45,
1819	8,
1820	5,32,
1821	8,3,14,
1822	42,0,12,
1823	20,21,38,39,44,
1824	10,21,31,
1825	6,36,25,
1826	0,48,
1827	30,42,
1828	27,
1829	15,
1830	17,18,31,
1831	4,5,25,34,37,
1832	0,3,16,18,
1833	25,27,
1834	20,40,27,
1835	33,42,
1836	23,
1837	1,14,30,
1838	22,24,36,45,
1839	11,28,
1840	8,
1841	11,46,
1842	7,11,
1843	0,14,18,23,39,
1844	11,42,
1845	29,
1846	3,15,20,27,
1847	12,
1848	23,46,48,49,
1849	40,
1850	7,32,9,
1851	1,2,
1852	12,
1853	35,38,49,
1854	12,26,30,32,42,47,
1855	13,
1856	17,
1857	5,20,40,
1858	38,
1859	39,
1860	27,
1861	9,32,
1862	26,42,
1863	8,41,34,
1864	1,
1865	15,39,
1866	6,9,41,
1867	8,
1868	10,19,
1869	28,
1870	2,3,41,
1871	1,24,39,47,
1872	5,17,31,39,42,
1873	5,26,31,
1874	3,27,32,
1875	39,12,18,
1876	11,25,36,43,
1877	14,16,27,35,
1878	3,21,
1879	47,
1880	6,
1881	21,
1882	8,9,32,
1883	3,35,
1884	16,26,31,
1885	22,40,43,
1886	2,7,39,43,47,
1887	46,
1888	6,
1889	13,41,
1890	42,
1891	26,24,
1892	35,
1893	1,10,14,34,38,
1894	6,35,41,
1895	5,8,23,38,
1896	31,
1897	32,
1898	3,7,
1899	3,
1900	40,
1901	16,17,27,31,
1902	40,
1903	48,
1904	0,
1905	2,4,22,27,
1906	8,35,
1907	12,20,25,42,43,47,
1908	6,10,38,
1909	35,
1910	3,
1911	26,40,
1912	12,
1913	28,34,
1914	14,24,37,
1915	33,
1916	5,32,3,
1917	4,16,46,48,
1918	31,43,
1919	16,25,
1920	4,6,40,44,48,
1921	3,7,36,37,45,
1922	44,
1923	20,28,
1924	5,7,11,47,
1925	11,43,
1926	21,27,
1927	12,38,46,
1928	1,4,29,45,47,
1929	7,17,23,42,
1930	0,
1931	4,27,19,
1932	16,
1933	13,14,44,
1934	28,49,
1935	5,7,
1936	6,16,
1937	5,7,9,38,
1938	0,17,35,
1939	5,36,
1940	28,40,44,
1941	1,43,
1942	37,
1943	8,20,
1944	13,19,35,46,47,
1945	12,16,
1946	13,27,
1947	17,
1948	1,19,38,
1949	4,
1950	47,
1951	20,38,
1952	40,
1953	25,29,38,
1954	40,
1955	0,5,32,
1956	39,
1957	17,18,25,
1958	36,43,35,
1959	26,34,48,
1960	1,
1961	42,
1962	11,26,
1963	6,16,31,35,39,43,
1964	5,7,14,
1965	0,20,30,45,49,
1966	7,8,12,18,29,42,
1967	3,27,
1968	1,6,32,39,
1969	1,49,
1970	2,9,15,49,
1971	20,25,
1972	0,16,
1973	9,11,13,21,
1974	0,5,44,
1975	5,7,9,34,
1976	8,15,16,28,37,
1977	10,28,
1978	6,1,34,
1979	8,41,43,
1980	7,15,38,41,
1981	15,
1982	2,19,
1983	11,45,
1984	14,22,35,46,
1985	24,27,38,40,41,44,45,46,
1986	16,17,
1987	26,
1988	22,45,46,
1989	19,21,
1990	9,
1991	31,
1992	26,
1993	7,
1994	15,19,
1995	19,28,
1996	3,
1997	5,
1998	36,
1999	8,35,40,
2000	13,22,
2001	23,
2002	25,29,
2003	1,
2004	20,26,36,
2005	40,41,
2006	16,
2007	33,41,
2008	3,
2009	23,32,
2010	18,
2011	14,
2012	41,42,
2013	11,14,25,42,
2014	34,
2015	9,26,44,49,
2016	29,
2017	44,
2018	8,
2019	18,21,35,41,
2020	18,47,
2021	5,9,13,16,32,
2022	13,17,
2023	11,24,31,
2024	4,11,
2025	45,
2026	6,
2027	22,25,27,44,
2028	21,
2029	17,44,49,
2030	26,
2031	19,22,31,33,35,44,
2032	44,46,
2033	32,48,
2034	36,19,39,
2035	13,35,41,
2036	10,17,39,44,
2037	0,1,15,33,35,
2038	7,18,26,
2039	45,
2040	38,1,24,
2041	28,49,
2042	32,36,
2043	16,
2044	13,15,
2045	36,
2046	7,15,24,
2047	0,17,
2048	6,30,
2049	35,
2050	22,
2051	9,44,
2052	6,22,45,
2053	32,
2054	16,18,33,46,47,
2055	38,
2056	4,41,44,49,
2057	23,24,
2058	14,37,
2059	9,27,35,
2060	43,46,
2061	26,
2062	18,
2063	20,33,39,46,
2064	42,43,46,
2065	5,
2066	9,6,
2067	25,46,
2068	3,4,10,13,18,
2069	3,7,9,11,
2070	4,30,36,39,46,
2071	2,23,
2072	1,6,28,30,36,38,
2073	28,29,37,44,
2074	3,46,
2075	23,
2076	43,
2077	43,
2078	41,
2079	10,20,42,44,
2080	29,
2081	9,32,40,49,
2082	43,44,
2083	10,11,27,36,
2084	1,9,13,14,28,37,
2085	9,27,
2086	19,22,23,39,
2087	0,18,
2088	1,6,10,24,32,37,
2089	28,33,45,
2090	27,
2091	23,25,
2092	18,22,24,41,
2093	0,1,8,39,
2094	47,
2095	13,46,
2096	5,
2097	5,
2098	5,7,15,
2099	5,
2100	14,
2101	14,45,
2102	47,
2103	27,
2104	45,
2105	3,23,
2106	3,44,
2107	4,13,
2108	11,38,
2109	33,30,6,
2110	0,4,11,13,
2111	0,28,38,40,44,
2112	15,35,
2113	5,27,32,38,
2114	39,
2115	21,
2116	7,24,34,
2117	17,
2118	20,46,
2119	18,25,32,
2120	19,28,
2121	11,18,
2122	0,
2123	27,
2124	3,29,45,
2125	10,33,46,
2126	9,40,
2127	13,36,
2128	3,
2129	6,45,
2130	40,44,
2131	28,23,40,
2132	2,7,
2133	32,
2134	11,35,
2135	5,12,44,
2136	13,20,22,30,33,35,36,
2137	20,25,
2138	24,28,31,
2139	7,
2140	29,47,
2141	3,22,23,42,
2142	15,32,
2143	35,7,
2144	17,
2145	14,15,17,18,
2146	4,27,
2147	7,35,
2148	14,27,
2149	27,
2150	18,44,
2151	26,
2152	14,29,31,47,
2153	27,45,47,
2154	40,
2155	5,
2156	27,41,
2157	2,
2158	5,14,
2159	3,25,
2160	29,45,
2161	22,25,30,
2162	46,
2163	24,
2164	16,47,
2165	36,46,
2166	4,16,34,49,
2167	44,
2168	39,47,28,
2169	14,20,26,
2170	16,35,36,47,
2171	15,17,30,
2172	0,14,
2173	16,35,48,
2174	5,48,39,
2175	33,46,
2176	5,11,13,
2177	43,39,22,
2178	13,31,
2179	20,35,
2180	3,
2181	20,45,
2182	25,35,
2183	8,11,24,28,32,
2184	35,
2185	29,42,48,
2186	14,38,
2187	11,21,
2188	32,
2189	22,26,32,44,45,
2190	12,28,44,48,
2191	2,30,37,41,
2192	24,36,
2193	42,31,
2194	5,
2195	7,33,
2196	31,43,
2197	25,48,
2198	14,33,
2199	7,35,3,
2200	22,46,
2201	23,25,46,
2202	20,27,46,
2203	30,18,10,
2204	5,
2205	48,
2206	8,19,35,
2207	23,
2208	45,
2209	10,48,
2210	31,
2211	8,17,19,26,
2212	9,29,39,
2213	6,16,
2214	31,36,38,44,
2215	2,7,9,10,47,
2216	22,
2217	0,14,39,
2218	47,
2219	8,
2220	20,21,
2221	39,
2222	12,27,
2223	18,42,
2224	0,10,16,21,
2225	8,20,47,
2226	9,12,34,40,42,43,
2227	0,3,37,
2228	11,13,19,35,
2229	11,
2230	48,
2231	15,29,49,
2232	17,19,35,
2233	12,46,
2234	17,30,
2235	26,
2236	6,25,44,
2237	9,16,
2238	34,
2239	17,23,46,
2240	22,31,46,
2241	1,21,
2242	33,37,
2243	42,
2244	34,
2245	16,
2246	4,12,21,
2247	1,41,49,
2248	11,22,
2249	33,47,
2250	26,34,35,
2251	32,36,
2252	3,10,32,
2253	27,41,44,
2254	17,22,38,
2255	23,
2256	10,38,41,
2257	8,22,
2258	5,
2259	15,19,35,
2260	4,
2261	10,13,
2262	7,47,
2263	0,4,14,
2264	7,22,
2265	23,
2266	38,
2267	27,
2268	15,46,
2269	33,
2270	9,20,42,49,
2271	2,5,6,10,25,39,47,
2272	11,18,48,
2273	33,42,
2274	8,16,22,27,35,
2275	8,16,19,29,
2276	15,26,
2277	1,9,12,13,32,
2278	9,29,46,
2279	8,44,
2280	20,
2281	5,16,45,
2282	26,37,34,
2283	5,27,29,39,
2284	19,
2285	0,5,17,
2286	11,38,
2287	10,
2288	8,9,7,
2289	13,42,
2290	5,6,7,35,
2291	12,13,37,
2292	5,11,25,
2293	20,24,
2294	4,22,
2295	15,16,
2296	19,
2297	6,
2298	12,
2299	21,30,40,
2300	0,1,7,10,37,
2301	8,24,
2302	12,
2303	8,14,
2304	1,11,24,42,
2305	0,
2306	3,29,44,
2307	0,
2308	17,
2309	4,15,29,
2310	35,42,
2311	1,2,17,45,
2312	6,43,
2313	35,44,
2314	8,13,
2315	17,
2316	0,3,13,36,39,44,
2317	9,7,
2318	26,44,
2319	15,
2320	10,17,34,
2321	23,32,46,
2322	42,
2323	2,31,
2324	11,25,
2325	6,26,
2326	7,34,
2327	18,46,48,
2328	32,
2329	17,13,4,
2330	15,46,
2331	3,6,12,23,
2332	33,
2333	11,
2334	41,
2335	3,
2336	11,
2337	8,10,
2338	43,
2339	20,
2340	17,36,
2341	17,25,
2342	18,25,
2343	9,14,22,
2344	9,
2345	3,14,
2346	8,31,
2347	17,29,
2348	10,24,42,
2349	37,46,
2350	3,13,
2351	1,
2352	28,
2353	12,
2354	13,27,
2355	22,44,29,
2356	25,43,46,
2357	19,20,
2358	15,17,
2359	11,49,
2360	16,29,
2361	26,
2362	28,
2363	1,
2364	5,32,45,
2365	44,
2366	10,46,
2367	10,22,34,
2368	21,
2369	23,41,
2370	47,49,
2371	44,11,
2372	27,
2373	25,34,35,
2374	0,20,41,
2375	43,23,33,
2376	44,
2377	31,
2378	23,
2379	29,37,
2380	8,41,44,
2381	41,
2382	0,1,24,
2383	9,25,31,32,35,
2384	44,46,
2385	35,22,
2386	35,39,
2387	14,
2388	40,
2389	9,
2390	12,15,38,
2391	3,14,
2392	7,8,18,25,27,
2393	3,
2394	12,32,35,37,
2395	5,23,36,49,
2396	7,21,34,
2397	26,43,
2398	49,
2399	3,16,18,
2400	28,
2401	30,40,
2402	3,16,30,45,
2403	5,15,
2404	1,8,11,44,49,
2405	13,
2406	36,
2407	5,7,30,
2408	32,
2409	40,
2410	30,
2411	5,31,
2412	26,
2413	8,45,
2414	47,49,
2415	11,17,
2416	43,
2417	43,
2418	22,
2419	10,11,
2420	27,
2421	2,16,18,29,
2422	13,40,
2423	6,
2424	0,5,12,
2425	24,26,36,
2426	13,32,
2427	7,
2428	12,19,30,31,35,
2429	31,
2430	5,45,
2431	35,39,4,
2432	10,20,
2433	25,39,48,
2434	11,
2435	1,9,18,20,27,39,44,
2436	6,32,35,44,
2437	10,34,45,
2438	24,30,
2439	25,27,24,
2440	6,18,
2441	35,43,
2442	7,18,19,32,35,37,38,48,
2443	22,1,
2444	10,25,30,
2445	21,36,46,
2446	47,5,14,
2447	0,
2448	4,14,
2449	4,12,
2450	26,
2451	3,28,
2452	43,41,37,
2453	17,45,
2454	42,26,
2455	8,
2456	16,29,
2457	5,19,41,
2458	34,41,
2459	9,29,
2460	7,20,
2461	47,
2462	15,41,
2463	19,
2464	17,16,
2465	10,19,36,
2466	1,3,16,
2467	32,
2468	10,21,32,
2469	16,19,20,46,
2470	7,23,24,
2471	4,5,9,38,44,
2472	8,
2473	42,47,
2474	36,46,
2475	6,
2476	18,23,28,42,
2477	13,15,
2478	45,
2479	9,14,
2480	19,12,3,
2481	19,
2482	35,49,
2483	27,31,
2484	15,24,36,
2485	49,
2486	39,42,
2487	32,
2488	17,19,23,
2489	12,24,
2490	42,
2491	45,46,
2492	48,
2493	4,7,
2494	22,27,
2495	3,15,
2496	14,37,
2497	27,
2498	16,
2499	10,23,37,
2500	2,39,43,45,
2501	25,
2502	5,17,
2503	22,
2504	49,
2505	16,39,
2506	0,1,11,
2507	14,22,
2508	32,40,47,
2509	3,32,
2510	38,44,
2511	43,38,18,
2512	36,
2513	13,14,17,
2514	14,32,
2515	2,14,42,44,
2516	20,
2517	5,8,32,34,46,
2518	39,40,
2519	4,16,18,
2520	38,47,
2521	49,
2522	0,40,
2523	7,13,16,
2524	15,35,
2525	1,14,17,18,33,
2526	2,8,31,45,
2527	29,43,
2528	49,
2529	12,23,
2530	7,14,
2531	0,23,
2532	2,30,32,
2533	47,
2534	17,10,
2535	40,
2536	4,25,
2537	19,
2538	0,19,
2539	2,30,37,40,
2540	6,11,10,
2541	23,48,
2542	5,8,18,36,38,
2543	41,
2544	6,9,
2545	42,49,
2546	33,38,40,44,
2547	0,7,21,
2548	12,39,
2549	0,5,38,
2550	49,
2551	46,9,
2552	13,14,24,
2553	48,17,
2554	16,22,30,34,39,
2555	20,29,47,
2556	41,2,
2557	12,19,25,
2558	32,
2559	47,
2560	47,
2561	3,
2562	7,28,
2563	4,32,
2564	12,19,39,
2565	14,22,
2566	16,20,27,43,
2567	7,19,
2568	3,6,
2569	13,
2570	31,
2571	29,
2572	3,7,40,46,
2573	45,
2574	15,
2575	12,
2576	17,21,41,
2577	0,8,10,40,47,
2578	37,48,
2579	12,
2580	34,27,
2581	29,36,37,
2582	1,17,26,30,34,
2583	12,20,23,
2584	49,12,10,
2585	43,48,
2586	0,22,35,
2587	14,20,
2588	4,9,13,18,
2589	3,
2590	5,21,
2591	38,44,
2592	7,37,
2593	10,21,24,
2594	48,
2595	3,35,38,42,
2596	26,
2597	44,
2598	7,10,28,30,41,
2599	5,31,42,
2600	29,46,
2601	5,21,39,
2602	3,24,37,45,
2603	13,
2604	37,
2605	44,19,
2606	20,0,
2607	7,20,
2608	9,25,
2609	4,
2610	14,37,
2611	11,39,
2612	16,
2613	4,41,45,
2614	28,40,
2615	2,4,
2616	46,
2617	5,8,26,48,
2618	8,42,45,
2619	9,29,
2620	42,43,
2621	7,25,
2622	35,47,
2623	2,32,46,
2624	35,40,
2625	27,1,45,
2626	22,
2627	25,
2628	4,11,31,
2629	1,5,
2630	24,30,43,
2631	3,29,37,45,
2632	28,45,
2633	25,
2634	10,
2635	18,
2636	0,6,
2637	5,35,43,
2638	4,
2639	29,32,49,
2640	39,
2641	17,41,
2642	42,47,
2643	24,30,32,
2644	3,4,6,27,
2645	47,
2646	42,
2647	3,5,10,
2648	4,8,
2649	16,27,31,43,
2650	43,
2651	26,
2652	40,
2653	2,7,19,
2654	4,
2655	46,
2656	32,
2657	47,11,42,
2658	34,
2659	14,
2660	32,46,
2661	4,30,
2662	10,16,22,29,42,
2663	23,28,4,
2664	16,20,
2665	3,
2666	6,40,
2667	2,21,25,29,
2668	13,16,32,44,
2669	32,40,
2670	5,10,
2671	1,16,
2672	25,35,39,
2673	10,43,45,
2674	37,47,
2675	0,11,13,17,
2676	36,
2677	36,47,
2678	2,
2679	31,
2680	11,
2681	1,4,
2682	13,31,35,36,
2683	45,
2684	29,
2685	3,22,33,45,
2686	8,47,48,
2687	6,
2688	28,43,
2689	30,31,35,
2690	24,
2691	5,42,
2692	32,0,13,
2693	46,49,
2694	1,3,32,
2695	6,16,31,41,45,
2696	4,31,
2697	46,49,
2698	41,
2699	45,
2700	32,41,
2701	2,24,44,45,
2702	6,20,44,
2703	10,43,
2704	18,
2705	2,11,40,
2706	10,22,41,
2707	4,31,
2708	3,13,
2709	20,28,31,43,
2710	29,31,45,
2711	15,19,
2712	20,41,
2713	14,38,
2714	13,15,18,20,
2715	20,22,26,
2716	6,8,26,32,
2717	11,15,30,
2718	27,
2719	0,
2720	22,
2721	0,1,2,5,16,
2722	19,21,
2723	13,49,
2724	19,20,38,
2725	15,
2726	28,
2727	42,
2728	19,43,
2729	20,37,
2730	18,27,
2731	17,18,25,
2732	35,
2733	11,26,
2734	42,
2735	16,
2736	15,
2737	47,48,
2738	7,22,
2739	1,11,16,46,
2740	0,2,29,40,49,
2741	33,34,
2742	4,12,
2743	6,
2744	0,10,
2745	11,
2746	8,17,31,
2747	3,
2748	27,38,
2749	36,
2750	32,34,
2751	43,
2752	22,
2753	8,13,
2754	19,23,
2755	15,24,
2756	2,
2757	2,12,45,
2758	33,
2759	30,
2760	6,25,34,
2761	10,
2762	5,14,16,44,
2763	15,
2764	4,39,
2765	9,15,
2766	4,39,
2767	43,46,
2768	27,29,
2769	12,34,
2770	32,
2771	9,
2772	49,
2773	11,30,
2774	38,
2775	19,47,
2776	32,35,49,
2777	9,17,
2778	3,20,35,49,
2779	8,27,
2780	14,18,
2781	4,7,16,22,31,44,
2782	48,41,
2783	13,45,
2784	27,
2785	1,18,
2786	9,32,35,
2787	1,36,
2788	30,
2789	4,
2790	1,
2791	2,36,
2792	9,0,25,
2793	9,12,31,
2794	25,29,33,
2795	47,
2796	3,40,46,
2797	3,9,38,
2798	1,11,28,
2799	8,45,
2800	0,6,22,28,32,
2801	0,14,
2802	48,
2803	1,13,
2804	4,47,
2805	1,
2806	43,
2807	39,
2808	0,4,17,
2809	1,20,37,42,
2810	1,
2811	31,
2812	28,
2813	11,12,2,
2814	0,30,
2815	36,38,46,
2816	10,
2817	15,18,
2818	37,39,
2819	9,
2820	46,
2821	9,
2822	18,22,43,
2823	3,42,
2824	1,18,28,36,
2825	47,
2826	4,37,
2827	15,17,29,40,
2828	8,22,
2829	8,27,
2830	3,25,
2831	38,26,
2832	7,
2833	34,32,
2834	8,35,
2835	22,32,
2836	1,5,14,25,
2837	1,9,10,17,
2838	3,10,31,44,
2839	4,11,18,19,
2840	1,8,22,
2841	3,14,16,31,43,
2842	33,47,
2843	1,29,40,46,
2844	24,25,34,
2845	6,
2846	2,
2847	23,39,
2848	26,
2849	48,35,29,
2850	3,
2851	8,
2852	7,
2853	16,44,
2854	29,2,26,
2855	23,40,45,
2856	22,33,
2857	39,42,
2858	6,32,43,
2859	36,46,49,
2860	26,
2861	29,44,
2862	13,33,40,
2863	10,39,
2864	2,32,38,39,49,
2865	0,15,48,
2866	0,
2867	36,41,46,
2868	25,32,
2869	4,21,22,39,
2870	10,
2871	0,17,
2872	10,35,39,
2873	7,
2874	31,
2875	39,
2876	1,9,16,
2877	8,35,40,43,
2878	10,12,7,
2879	3,5,9,41,45,
2880	23,24,35,
2881	0,33,40,
2882	24,29,
2883	11,
2884	2,9,
2885	12,38,
2886	21,35,
2887	21,
2888	13,30,46,
2889	13,
2890	1,15,14,
2891	11,
2892	2,
2893	10,27,
2894	2,7,29,34,
2895	41,
2896	15,35,
2897	15,18,24,32,35,
2898	3,11,48,
2899	16,27,42,
2900	49,37,20,
2901	5,41,
2902	14,24,27,
2903	24,32,
2904	35,
2905	25,46,48,
2906	14,21,
2907	23,
2908	34,
2909	27,
2910	25,31,42,
2911	11,18,
2912	38,46,
2913	11,16,30,
2914	2,42,
2915	49,14,
2916	32,42,
2917	2,5,16,28,
2918	44,
2919	3,7,11,
2920	0,
2921	26,42,
2922	42,
2923	49,
2924	29,
2925	42,
2926	27,37,
2927	20,45,
2928	27,
2929	19,20,32,
2930	10,34,
2931	21,38,
2932	5,26,42,48,
2933	36,
2934	16,42,
2935	1,
2936	45,46,
2937	10,
2938	23,17,44,
2939	14,17,28,45,46,
2940	5,9,12,15,36,
2941	2,10,36,
2942	49,
2943	8,22,44,
2944	0,
2945	11,
2946	0,
2947	19,40,
2948	33,48,
2949	12,48,
2950	31,
2951	5,8,25,38,
2952	43,2,39,
2953	32,10,
2954	0,19,34,45,49,
2955	36,
2956	8,16,
2957	4,16,
2958	5,2,
2959	3,
2960	6,30,34,
2961	4,
2962	1,7,21,
2963	20,
2964	4,5,9,16,43,
2965	17,36,44,47,
2966	18,
2967	4,39,46,
2968	17,35,44,
2969	28,43,
2970	3,15,16,46,
2971	0,44,
2972	8,
2973	4,24,
2974	4,
2975	7,21,23,33,
2976	5,11,12,34,47,
2977	4,5,
2978	24,46,
2979	16,33,34,
2980	17,
2981	27,29,48,
2982	16,22,38,
2983	30,43,
2984	9,24,41,
2985	27,40,
2986	5,13,
2987	7,9,19,30,
2988	4,26,39,
2989	46,
2990	13,31,
2991	30,8,0,
2992	45,7,
2993	16,21,46,
2994	13,37,
2995	8,28,34,35,
2996	15,45,21,
2997	37,
2998	16,
2999	11,15,
3000	47,
3001	21,
3002	14,
3003	22,29,32,
3004	36,
3005	5,
3006	46,
3007	10,31,
3008	19,35,
3009	17,
3010	10,
3011	31,37,
3012	16,43,
3013	5,10,15,21,41,
3014	8,34,42,
3015	13,41,42,
3016	10,3,
3017	1,8,19,
3018	3,17,40,42,
3019	37,
3020	31,41,42,
3021	27,45,
3022	10,22,
3023	15,40,
3024	26,
3025	18,40,
3026	8,30,
3027	35,36,
3028	26,37,44,
3029	14,40,
3030	41,45,
3031	31,45,
3032	0,
3033	5,9,
3034	25,27,36,
3035	7,30,46,
3036	15,41,
3037	5,
3038	10,
3039	7,23,36,
3040	24,29,36,44,45,48,
3041	4,19,27,39,
3042	39,
3043	20,34,
3044	20,23,45,49,
3045	38,45,
3046	31,39,
3047	9,10,11,15,36,
3048	24,
3049	0,41,
3050	4,13,15,21,
3051	4,16,24,49,
3052	11,15,17,42,
3053	33,
3054	13,35,
3055	8,
3056	4,11,19,23,26,45,
3057	3,22,
3058	3,47,
3059	2,22,39,40,49,
3060	35,
3061	14,35,46,
3062	25,
3063	37,44,
3064	0,7,8,12,13,30,
3065	28,29,32,39,
3066	22,
3067	19,22,32,
3068	10,41,
3069	11,17,
3070	18,
3071	17,19,
3072	30,40,
3073	28,
3074	12,20,
3075	20,40,46,
3076	3,6,14,38,48,
3077	17,39,
3078	7,
3079	21,27,
3080	9,22,
3081	24,33,37,
3082	1,4,5,14,
3083	9,11,18,
3084	36,
3085	8,
3086	8,
3087	2,21,
3088	15,24,46,
3089	1,20,36,
3090	1,11,17,26,46,
3091	45,
3092	13,
3093	18,10,30,
3094	17,49,
3095	10,11,
3096	28,
3097	34,14,
3098	1,15,42,
3099	11,14,
3100	29,
3101	5,
3102	15,34,
3103	30,31,34,
3104	7,14,17,24,
3105	4,10,
3106	20,21,35,
3107	27,29,
3108	2,
3109	15,
3110	26,24,5,
3111	2,12,
3112	29,45,
3113	8,23,
3114	24,27,34,43,
3115	0,
3116	6,20,36,
3117	21,34,
3118	7,14,25,27,
3119	46,
3120	30,35,
3121	15,38,
3122	20,
3123	15,25,35,
3124	7,38,
3125	20,35,40,41,
3126	39,
3127	3,8,
3128	10,48,
3129	27,39,
3130	9,14,21,
3131	26,41,22,
3132	40,45,48,
3133	4,46,
3134	0,3,40,44,
3135	18,22,48,
3136	17,30,38,46,
3137	0,25,
3138	5,
3139	0,11,
3140	28,45,11,
3141	9,19,
3142	38,
3143	6,44,
3144	18,32,36,
3145	33,24,
3146	36,
3147	4,
3148	17,22,
3149	2,47,
3150	32,
3151	43,27,14,
3152	2,30,
3153	1,37,
3154	10,22,
3155	11,18,
3156	9,17,35,
3157	0,3,
3158	10,22,
3159	47,22,
3160	4,39,44,
3161	5,29,43,
3162	9,
3163	12,14,40,
3164	3,17,18,48,
3165	15,20,
3166	11,43,
3167	42,
3168	10,22,
3169	16,36,
3170	3,42,
3171	25,33,
3172	26,
3173	17,1,30,
3174	15,4,
3175	19,48,
3176	2,3,7,28,46,
3177	7,
3178	19,
3179	49,
3180	4,32,
3181	38,
3182	28,
3183	2,46,
3184	11,
3185	22,27,
3186	4,18,38,39,
3187	7,17,
3188	36,
3189	26,2,33,
3190	27,30,
3191	3,4,
3192	32,
3193	10,15,19,
3194	20,0,43,
3195	26,
3196	38,
3197	24,39,
3198	43,
3199	18,37,
3200	19,
3201	43,37,6,
3202	36,
3203	40,44,
3204	23,46,
3205	48,
3206	24,37,44,
3207	25,34,
3208	33,42,
3209	14,18,19,21,29,47,
3210	30,
3211	13,34,45,
3212	44,45,
3213	17,35,39,
3214	10,
3215	2,32,6,
3216	23,
3217	24,32,46,47,
3218	17,
3219	25,27,32,43,47,
3220	5,46,49,
3221	19,38,
3222	45,
3223	19,
3224	18,39,
3225	16,42,
3226	2,23,30,
3227	17,26,32,35,
3228	8,12,32,49,
3229	15,
3230	9,27,
3231	11,
3232	27,34,36,46,
3233	39,31,37,
3234	29,
3235	5,
3236	13,25,33,
3237	30,35,42,47,
3238	15,27,
3239	2,10,11,16,35,36,
3240	17,40,45,
3241	37,
3242	27,29,49,
3243	18,12,
3244	46,
3245	42,
3246	15,29,33,36,
3247	14,25,
3248	9,11,22,27,43,
3249	1,2,16,
3250	8,9,15,
3251	16,17,46,
3252	10,
3253	5,8,
3254	34,
3255	21,46,
3256	39,
3257	16,
3258	25,38,39,
3259	6,37,
3260	39,
3261	13,49,0,
3262	20,33,35,
3263	20,
3264	29,46,
3265	36,
3266	39,20,
3267	17,36,
3268	8,
3269	8,29,
3270	11,26,44,
3271	8,23,
3272	16,34,48,
3273	20,41,42,
3274	44,
3275	11,
3276	27,25,
3277	35,40,42,
3278	0,26,30,
3279	36,
3280	3,40,
3281	2,
3282	1,19,21,39,
3283	6,
3284	9,
3285	26,27,39,
3286	1,41,
3287	34,
3288	8,
3289	1,2,8,48,
3290	11,28,
3291	11,
3292	25,3,
3293	23,
3294	10,41,44,48,
3295	0,
3296	4,
3297	9,35,47,
3298	0,4,16,17,
3299	2,3,
3300	2,18,
3301	6,19,30,43,
3302	12,24,25,27,40,
3303	4,9,
3304	8,20,26,32,
3305	27,
3306	27,42,
3307	16,27,39,
3308	33,36,
3309	1,8,32,
3310	3,33,44,
3311	9,16,26,
3312	35,38,
3313	6,7,8,22,44,
3314	44,
3315	5,16,20,31,
3316	1,44,
3317	6,24,44,
3318	20,21,43,
3319	4,27,40,
3320	0,
3321	25,49,
3322	17,
3323	9,
3324	4,7,42,
3325	26,
3326	47,48,
3327	15,29,34,41,
3328	18,36,
3329	4,41,43,
3330	47,
3331	38,40,
3332	5,
3333	0,36,
3334	0,20,41,
3335	27,39,25,
3336	7,26,
3337	34,
3338	19,
3339	14,24,27,37,38,43,
3340	19,30,
3341	46,
3342	13,35,
3343	35,36,25,
3344	11,12,14,41,
3345	28,41,
3346	14,29,31,32,
3347	18,2,4,
3348	25,27,30,
3349	5,19,20,37,
3350	16,45,
3351	10,27,39,
3352	30,42,
3353	4,19,27,41,
3354	44,
3355	4,
3356	46,
3357	5,49,
3358	20,
3359	43,
3360	40,
3361	9,13,
3362	15,16,44,
3363	27,
3364	1,12,38,
3365	15,21,22,26,40,44,
3366	6,35,
3367	9,25,28,40,
3368	17,38,44,
3369	29,33,
3370	1,19,
3371	12,25,49,
3372	14,42,49,
3373	14,28,
3374	7,13,16,
3375	20,
3376	46,
3377	40,
3378	11,
3379	33,44,
3380	18,22,
3381	1,45,
3382	46,
3383	16,31,
3384	10,
3385	15,21,30,42,
3386	39,
3387	45,
3388	1,15,25,49,
3389	16,29,42,45,
3390	44,
3391	21,
3392	25,
3393	37,49,
3394	11,18,39,
3395	23,40,
3396	3,7,
3397	12,15,
3398	28,
3399	47,
3400	8,35,
3401	25,
3402	21,23,27,37,
3403	24,
3404	14,44,
3405	2,9,
3406	25,30,45,
3407	4,17,22,
3408	13,28,35,
3409	18,
3410	0,33,36,42,48,
3411	0,11,
3412	7,40,
3413	7,30,37,44,
3414	32,42,44,46,
3415	1,7,10,23,
3416	22,
3417	10,38,
3418	6,35,40,
3419	5,30,
3420	5,25,
3421	27,37,38,
3422	10,41,
3423	21,27,46,
3424	20,
3425	8,
3426	0,37,
3427	15,20,22,24,41,
3428	8,17,
3429	14,
3430	1,17,20,
3431	16,18,
3432	17,19,
3433	8,
3434	37,18,13,
3435	5,18,
3436	38,
3437	7,28,27,
3438	15,44,
3439	33,44,
3440	14,27,
3441	27,42,
3442	5,34,
3443	8,12,16,18,44,
3444	22,43,
3445	34,
3446	9,
3447	49,
3448	13,
3449	15,
3450	1,4,13,22,33,
3451	39,
3452	15,17,
3453	40,38,9,
3454	6,47,
3455	7,10,19,24,39,48,
3456	34,41,
3457	14,23,
3458	38,
3459	4,19,30,36,
3460	1,21,43,
3461	18,
3462	12,
3463	26,
3464	30,
3465	2,21,32,36,
3466	2,18,38,47,
3467	7,19,
3468	5,
3469	26,
3470	45,3,
3471	0,21,27,28,
3472	5,41,
3473	1,11,25,45,
3474	20,49,
3475	16,29,
3476	11,24,
3477	4,20,
3478	47,
3479	16,25,39,
3480	20,39,42,
3481	0,6,7,9,14,33,35,46,
3482	5,14,42,
3483	0,
3484	3,21,
3485	33,40,
3486	1,2,17,28,30,37,46,
3487	8,
3488	8,28,
3489	27,
3490	36,45,
3491	23,37,49,
3492	6,32,
3493	46,
3494	15,13,
3495	4,18,21,37,42,44,
3496	2,4,30,39,
3497	6,14,
3498	6,11,43,
3499	11,
3500	36,
3501	7,
3502	9,39,42,
3503	4,30,
3504	38,44,
3505	9,45,
3506	27,42,
3507	44,
3508	32,4,
3509	4,30,
3510	31,33,
3511	9,27,32,
3512	3,
3513	5,36,
3514	11,44,
3515	7,3,1,
3516	19,22,42,
3517	11,26,
3518	3,36,
3519	5,38,
3520	35,
3521	28,31,
3522	21,14,40,
3523	16,
3524	24,32,
3525	48,
3526	17,27,
3527	4,17,42,
3528	2,
3529	25,39,49,
3530	14,23,
3531	9,33,42,
3532	2,
3533	22,
3534	9,
3535	1,3,7,33,46,
3536	2,3,20,22,24,
3537	11,14,16,42,44,45,
3538	6,
3539	4,30,48,
3540	23,20,2,
3541	15,
3542	4,
3543	18,30,
3544	37,40,
3545	21,38,43,
3546	19,31,
3547	42,
3548	16,46,
3549	5,11,25,
3550	12,21,46,
3551	14,25,
3552	23,32,36,47,
3553	20,33,36,
3554	5,
3555	45,
3556	4,38,
3557	41,
3558	31,40,42,46,49,
3559	18,37,
3560	5,
3561	29,33,41,45,
3562	5,12,18,35,
3563	8,11,18,
3564	48,
3565	10,15,
3566	13,26,27,
3567	18,38,
3568	15,33,40,47,
3569	1,29,
3570	35,37,
3571	3,37,43,44,
3572	23,32,
3573	49,
3574	6,8,42,
3575	21,
3576	2,
3577	25,
3578	15,23,31,
3579	18,42,
3580	0,4,43,48,
3581	44,
3582	45,
3583	18,
3584	38,49,
3585	8,
3586	5,
3587	17,37,
3588	4,33,43,
3589	49,
3590	31,41,
3591	29,44,
3592	43,
3593	45,
3594	9,24,29,
3595	33,
3596	2,18,43,
3597	13,21,
3598	48,
3599	9,36,
3600	36,44,
3601	35,
3602	30,33,
3603	7,9,23,28,39,44,
3604	8,49,
3605	29,40,
3606	8,25,39,
3607	2,37,38,41,44,47,
3608	11,
3609	7,
3610	14,16,32,
3611	21,40,
3612	18,39,
3613	0,4,31,42,46,
3614	10,28,
3615	17,34,29,
3616	10,16,
3617	9,25,44,
3618	36,
3619	0,6,9,10,22,33,
3620	8,42,
3621	21,45,
3622	6,29,
3623	4,22,46,
3624	30,
3625	17,38,
3626	11,
3627	16,17,21,39,44,
3628	17,37,39,
3629	39,
3630	0,26,
3631	10,28,
3632	32,
3633	22,46,
3634	39,2,
3635	20,47,
3636	46,
3637	33,
3638	22,
3639	5,
3640	0,19,
3641	15,
3642	8,
3643	16,
3644	24,39,
3645	23,
3646	1,4,11,
3647	27,47,
3648	20,26,40,42,
3649	6,9,28,30,45,
3650	2,18,
3651	37,39,
3652	8,27,
3653	35,
3654	7,9,11,22,38,44,
3655	1,12,20,
3656	43,
3657	17,
3658	6,40,41,
3659	27,
3660	40,
3661	3,49,
3662	2,4,7,27,32,49,
3663	0,30,
3664	49,
3665	29,
3666	0,
3667	34,9,
3668	34,6,47,
3669	1,9,37,
3670	18,45,
3671	7,
3672	30,
3673	10,
3674	26,39,
3675	47,
3676	0,2,21,32,45,48,
3677	22,
3678	4,36,
3679	9,41,
3680	26,
3681	40,
3682	21,42,
3683	47,
3684	23,
3685	32,4,11,
3686	3,38,
3687	1,2,44,
3688	17,42,
3689	16,
3690	33,40,
3691	38,0,31,
3692	49,18,
3693	47,
3694	14,22,
3695	0,9,28,39,44,
3696	21,
3697	0,
3698	9,16,
3699	0,24,30,
3700	46,
3701	38,47,
3702	42,
3703	38,
3704	9,25,
3705	46,
3706	0,3,36,
3707	2,38,
3708	4,47,
3709	21,32,43,
3710	17,19,
3711	12,
3712	0,19,21,36,
3713	32,38,
3714	6,7,18,22,45,
3715	11,43,
3716	36,
3717	7,17,29,41,
3718	2,3,9,
3719	10,
3720	4,17,
3721	3,39,
3722	0,4,11,24,
3723	1,21,26,35,41,
3724	41,2,19,
3725	0,16,35,
3726	37,
3727	17,39,
3728	30,35,
3729	5,21,28,40,
3730	3,41,
3731	8,30,49,
3732	4,7,
3733	24,
3734	36,
3735	15,
3736	7,3,43,
3737	2,17,
3738	8,24,
3739	32,
3740	2,
3741	6,32,
3742	45,
3743	9,26,
3744	18,23,
3745	49,
3746	41,
3747	14,
3748	1,
3749	32,
3750	14,21,45,
3751	11,13,
3752	35,
3753	19,21,43,
3754	5,9,28,40,
3755	42,43,46,47,
3756	2,39,
3757	21,41,
3758	14,17,35,
3759	12,14,34,
3760	37,
3761	10,
3762	21,40,45,
3763	33,6,
3764	20,
3765	21,45,
3766	44,
3767	34,
3768	5,12,42,
3769	17,
3770	25,
3771	5,14,
3772	0,5,49,
3773	5,41,43,
3774	1,2,
3775	6,10,18,24,
3776	21,
3777	40,
3778	0,12,
3779	29,32,
3780	8,16,46,
3781	6,11,
3782	3,15,
3783	12,
3784	8,35,40,
3785	6,11,30,38,
3786	21,24,
3787	16,23,42,
3788	3,29,
3789	32,
3790	10,16,21,24,25,37,40,
3791	37,44,
3792	15,
3793	17,21,
3794	2,
3795	17,20,27,
3796	18,21,28,
3797	3,14,36,37,49,
3798	35,38,
3799	0,10,17,21,
3800	11,22,
3801	0,24,33,35,
3802	0,7,8,12,49,
3803	11,20,25,28,42,
3804	28,31,40,
3805	4,48,
3806	1,18,
3807	9,
3808	40,
3809	18,23,
3810	34,
3811	0,42,
3812	24,27,
3813	3,
3814	15,32,
3815	20,16,
3816	25,4,
3817	6,
3818	39,
3819	11,
3820	21,
3821	44,
3822	25,
3823	34,45,
3824	9,17,22,
3825	1,14,26,
3826	1,7,26,
3827	7,24,32,
3828	4,25,
3829	30,
3830	10,17,34,
3831	46,49,
3832	18,41,44,
3833	19,48,
3834	10,27,
3835	12,35,42,
3836	3,26,30,
3837	19,30,48,
3838	6,20,
3839	35,
3840	9,15,20,25,36,45,
3841	3,6,25,
3842	23,40,
3843	4,8,34,
3844	46,48,
3845	38,
3846	1,40,
3847	3,44,
3848	17,19,
3849	42,
3850	4,5,6,15,29,31,35,37,
3851	20,35,
3852	9,
3853	2,18,
3854	37,39,41,
3855	20,
3856	1,26,28,
3857	3,9,18,24,
3858	7,10,
3859	6,28,
3860	29,
3861	32,
3862	35,
3863	27,
3864	24,
3865	17,20,48,
3866	43,
3867	35,43,
3868	19,21,32,
3869	1,3,11,
3870	10,26,
3871	17,25,44,
3872	41,
3873	3,25,30,
3874	9,10,34,
3875	25,
3876	31,
3877	11,
3878	45,
3879	6,45,
3880	7,14,48,
3881	31,
3882	11,18,31,43,
3883	27,
3884	47,
3885	9,10,
3886	4,28,31,44,
3887	25,36,45,
3888	2,48,
3889	0,10,
3890	18,
3891	9,39,
3892	8,21,25,49,
3893	12,14,29,41,
3894	12,22,40,
3895	25,
3896	42,
3897	11,46,
3898	4,49,
3899	6,18,31,
3900	16,
3901	6,11,
3902	19,29,17,
3903	20,28,
3904	49,21,
3905	45,
3906	9,
3907	17,30,36,42,
3908	21,31,38,
3909	9,10,14,30,33,42,
3910	18,48,
3911	6,
3912	7,
3913	22,35,37,
3914	27,29,
3915	31,37,
3916	6,36,
3917	26,30,
3918	17,20,29,
3919	33,
3920	27,
3921	15,
3922	4,10,42,
3923	15,
3924	5,17,
3925	2,
3926	32,45,
3927	2,4,16,23,
3928	5,37,39,
3929	32,
3930	9,34,38,
3931	25,
3932	4,21,31,
3933	9,12,
3934	1,
3935	2,4,11,
3936	0,
3937	3,7,30,44,46,
3938	3,8,44,
3939	10,27,31,
3940	13,18,
3941	4,33,
3942	28,43,
3943	3,21,
3944	22,
3945	10,14,
3946	7,47,25,
3947	4,37,40,
3948	20,22,
3949	14,16,27,37,38,
3950	32,
3951	30,49,
3952	4,
3953	22,27,
3954	5,6,15,40,
3955	8,14,20,23,32,44,47,
3956	6,18,31,
3957	15,35,37,
3958	33,
3959	19,
3960	5,27,
3961	14,
3962	14,25,43,
3963	23,30,39,46,
3964	21,
3965	23,45,
3966	2,13,
3967	17,18,48,
3968	8,27,49,
3969	29,47,
3970	43,48,
3971	48,
3972	5,38,
3973	31,
3974	20,23,36,38,
3975	3,
3976	11,1,
3977	40,
3978	14,4,2,
3979	27,8,
3980	47,34,41,
3981	13,12,23,
3982	4,26,34,
3983	22,7,35,
3984	38,42,
3985	18,31,
3986	9,
3987	11,38,40,
3988	2,11,40,
3989	4,24,35,49,
3990	7,42,46,
3991	23,26,32,
3992	15,47,
3993	31,44,47,
3994	20,7,39,
3995	14,
3996	7,11,28,33,
3997	12,42,
3998	42,
3999	6,9,14,25,40,43,
4000	37,
4001	18,30,34,41,
4002	17,
4003	9,23,
4004	17,48,
4005	6,7,30,
4006	37,44,
4007	7,38,39,42,
4008	9,
4009	23,31,
4010	8,
4011	23,
4012	31,33,43,45,
4013	6,12,16,33,
4014	3,
4015	29,48,
4016	8,
4017	27,38,
4018	16,19,
4019	23,46,
4020	14,21,28,29,
4021	12,39,
4022	3,42,
4023	11,
4024	5,20,
4025	11,21,38,
4026	20,33,36,45,
4027	8,21,28,31,33,
4028	22,
4029	34,
4030	32,48,
4031	6,13,
4032	20,44,
4033	1,8,13,20,24,37,
4034	6,20,29,
4035	7,21,38,42,
4036	35,41,47,
4037	0,
4038	3,12,38,43,46,47,
4039	44,
4040	7,21,32,
4041	0,22,32,
4042	3,11,28,38,49,
4043	2,12,27,37,
4044	36,
4045	14,
4046	0,8,21,
4047	7,13,27,36,
4048	7,8,46,
4049	25,39,40,41,
4050	0,2,4,9,22,
4051	9,15,
4052	24,31,
4053	7,16,36,
4054	26,
4055	46,
4056	6,
4057	42,
4058	35,9,26,
4059	20,32,
4060	28,44,47,
4061	4,16,39,
4062	31,
4063	0,
4064	37,45,49,
4065	3,27,
4066	8,14,36,43,
4067	2,
4068	16,8,27,
4069	20,22,24,42,
4070	25,
4071	13,42,
4072	3,7,8,14,19,24,33,38,46,
4073	27,28,38,
4074	4,14,48,
4075	3,12,30,
4076	31,
4077	11,41,45,
4078	16,30,37,38,
4079	46,
4080	36,
4081	7,13,18,47,
4082	15,34,
4083	28,36,
4084	22,26,
4085	24,
4086	3,6,18,28,
4087	36,33,37,
4088	10,12,22,25,46,
4089	7,25,
4090	25,40,
4091	3,34,
4092	1,27,32,
4093	49,
4094	13,
4095	21,
4096	42,
4097	10,
4098	1,36,
4099	0,
4100	0,1,6,13,35,40,
4101	23,29,37,
4102	4,
4103	8,48,
4104	32,
4105	16,46,
4106	11,
4107	13,
4108	45,
4109	13,
4110	19,24,45,
4111	19,41,
4112	5,13,
4113	40,
4114	21,
4115	2,8,10,
4116	5,36,
4117	14,46,
4118	1,3,8,33,41,46,
4119	3,10,21,
4120	4,24,
4121	7,20,46,
4122	46,
4123	45,8,
4124	30,
4125	35,
4126	4,9,14,
4127	37,39,
4128	7,32,47,
4129	40,
4130	6,11,18,29,32,
4131	31,32,
4132	34,
4133	17,38,
4134	9,14,26,44,47,
4135	37,41,
4136	3,26,
4137	11,12,17,26,35,
4138	0,27,31,42,
4139	26,33,37,38,
4140	22,
4141	27,31,36,
4142	19,22,47,
4143	6,27,
4144	16,
4145	12,42,47,
4146	19,26,33,
4147	11,15,48,
4148	16,17,31,33,
4149	45,
4150	0,3,19,49,
4151	5,12,
4152	7,29,40,45,
4153	30,45,
4154	11,
4155	7,8,11,14,39,45,
4156	21,40,
4157	11,29,
4158	12,35,46,
4159	27,32,
4160	4,18,21,30,
4161	20,31,36,48,
4162	10,
4163	4,
4164	2,
4165	15,
4166	15,18,47,
4167	6,20,45,
4168	18,37,39,46,49,
4169	40,
4170	1,
4171	11,22,37,49,
4172	7,
4173	15,45,32,
4174	6,
4175	4,45,
4176	17,
4177	8,26,45,
4178	7,
4179	6,8,30,35,
4180	24,
4181	40,
4182	16,47,
4183	17,
4184	44,
4185	3,
4186	5,32,
4187	8,26,36,
4188	41,
4189	3,18,25,27,39,
4190	2,12,46,
4191	19,36,
4192	2,36,
4193	25,
4194	5,19,29,36,48,
4195	3,43,
4196	25,
4197	5,24,31,
4198	26,
4199	30,
4200	1,
4201	23,29,
4202	4,
4203	17,46,
4204	7,46,
4205	1,16,18,48,
4206	14,17,18,19,39,
4207	10,24,27,
4208	16,19,
4209	8,3,37,
4210	6,7,
4211	45,
4212	1,
4213	20,
4214	6,25,
4215	30,45,
4216	0,
4217	28,41,
4218	6,20,43,
4219	42,
4220	14,
4221	17,20,23,33,
4222	14,19,27,41,
4223	1,30,42,
4224	36,37,
4225	31,42,
4226	8,
4227	15,31,36,37,
4228	44,48,
4229	6,8,
4230	24,35,38,
4231	0,
4232	10,20,31,
4233	4,36,
4234	33,
4235	33,46,
4236	34,48,
4237	13,46,
4238	14,32,
4239	8,45,
4240	3,11,
4241	9,12,
4242	11,36,
4243	13,
4244	4,18,31,44,
4245	4,22,6,
4246	30,
4247	13,46,
4248	25,47,
4249	14,20,49,
4250	10,
4251	32,35,49,
4252	0,42,31,
4253	9,15,25,30,33,46,
4254	6,11,22,26,
4255	22,
4256	1,
4257	4,5,
4258	30,36,
4259	1,6,32,
4260	21,
4261	5,36,
4262	24,11,23,
4263	39,
4264	2,
4265	19,21,
4266	40,
4267	5,18,22,34,
4268	15,18,41,
4269	6,14,
4270	27,18,46,
4271	23,
4272	4,14,40,
4273	1,
4274	4,6,21,
4275	13,27,39,44,45,
4276	3,14,46,
4277	1,3,10,24,
4278	5,
4279	5,
4280	13,
4281	13,
4282	44,47,
4283	15,36,46,
4284	10,
4285	24,
4286	15,48,
4287	7,8,
4288	12,22,32,47,
4289	34,35,44,
4290	7,25,
4291	34,
4292	49,
4293	14,
4294	17,22,29,
4295	10,17,
4296	30,
4297	5,
4298	28,
4299	8,36,
4300	6,10,19,
4301	1,
4302	26,14,19,
4303	3,22,29,
4304	17,
4305	16,24,40,44,
4306	11,
4307	20,37,
4308	10,
4309	8,40,
4310	33,37,
4311	5,13,24,29,
4312	12,
4313	1,31,34,
4314	7,8,9,17,26,32,47,
4315	20,
4316	16,44,
4317	43,46,47,
4318	25,
4319	4,19,38,
4320	3,9,22,33,47,
4321	47,41,
4322	30,
4323	31,42,
4324	37,42,46,
4325	0,
4326	28,35,3,
4327	15,30,
4328	12,
4329	3,29,42,
4330	23,
4331	0,2,18,19,28,
4332	20,
4333	0,5,47,
4334	14,29,
4335	1,
4336	20,32,
4337	49,40,
4338	14,37,
4339	12,
4340	20,27,29,46,
4341	2,38,
4342	35,47,
4343	5,18,33,45,
4344	12,19,48,
4345	0,30,47,
4346	7,12,39,41,44,
4347	44,
4348	29,30,40,
4349	46,
4350	20,38,28,
4351	31,32,35,
4352	0,
4353	0,13,26,32,
4354	15,23,43,
4355	0,29,
4356	6,10,48,
4357	26,
4358	12,15,
4359	37,
4360	2,23,30,
4361	19,24,15,
4362	0,29,
4363	12,24,25,27,
4364	16,20,37,45,
4365	30,
4366	12,44,
4367	23,44,
4368	2,28,49,
4369	18,
4370	2,4,
4371	3,42,
4372	17,46,
4373	27,26,1,
4374	1,29,3,
4375	29,40,
4376	8,28,
4377	18,
4378	17,18,25,
4379	14,27,
4380	14,38,
4381	22,
4382	30,
4383	17,22,40,
4384	17,44,
4385	3,7,
4386	18,36,
4387	45,19,
4388	13,
4389	3,
4390	6,19,
4391	21,30,33,
4392	40,
4393	26,44,
4394	5,
4395	25,47,
4396	3,15,
4397	37,39,
4398	32,42,
4399	15,
4400	8,41,43,
4401	3,38,40,
4402	2,
4403	5,14,20,34,
4404	3,18,
4405	6,13,
4406	17,41,42,48,
4407	46,
4408	28,37,
4409	12,13,
4410	2,6,20,
4411	18,
4412	5,10,45,
4413	39,8,23,
4414	4,22,25,
4415	13,49,
4416	8,13,
4417	11,16,
4418	14,18,41,
4419	5,7,9,39,45,
4420	7,29,44,
4421	10,35,46,
4422	28,35,
4423	25,40,
4424	31,13,
4425	16,24,29,36,42,
4426	2,15,31,
4427	19,
4428	6,7,8,23,
4429	4,10,17,
4430	22,41,
4431	23,
4432	35,37,
4433	24,35,43,48,
4434	3,
4435	4,9,10,16,23,
4436	4,37,
4437	11,15,21,22,38,49,
4438	3,20,32,34,44,
4439	44,
4440	15,22,
4441	4,
4442	0,17,37,43,
4443	17,46,
4444	32,
4445	7,9,
4446	25,
4447	24,
4448	14,24,41,
4449	11,37,
4450	31,
4451	30,32,45,
4452	20,43,
4453	41,
4454	9,7,
4455	4,17,
4456	23,45,
4457	8,10,30,40,42,
4458	24,
4459	3,5,28,
4460	16,20,38,42,
4461	20,45,
4462	0,9,16,19,28,
4463	41,44,45,
4464	34,
4465	3,32,
4466	37,
4467	35,
4468	8,11,19,
4469	38,
4470	0,5,6,35,
4471	2,27,
4472	25,27,45,
4473	29,
4474	4,23,39,
4475	25,31,47,
4476	2,7,20,
4477	21,
4478	4,
4479	16,27,43,
4480	24,
4481	24,
4482	7,8,
4483	9,10,11,36,
4484	17,
4485	15,33,
4486	3,17,42,
4487	0,19,39,46,
4488	6,48,
4489	23,
4490	39,
4491	45,46,
4492	28,33,
4493	46,
4494	4,14,24,
4495	3,12,16,23,
4496	4,13,18,
4497	13,
4498	12,16,17,48,
4499	8,
4500	36,
4501	48,
4502	12,20,33,
4503	27,28,46,
4504	20,21,39,
4505	36,46,
4506	25,
4507	8,
4508	43,19,40,
4509	7,
4510	14,15,
4511	16,28,31,
4512	34,39,
4513	1,21,
4514	3,
4515	3,23,
4516	23,32,46,
4517	20,
4518	1,3,13,15,16,43,48,
4519	2,24,
4520	40,
4521	7,28,
4522	39,42,
4523	2,13,44,
4524	25,45,
4525	2,29,39,
4526	15,23,40,49,
4527	8,43,44,49,
4528	19,30,38,
4529	6,
4530	20,
4531	6,
4532	36,
4533	24,
4534	20,32,
4535	11,35,
4536	6,25,31,38,
4537	5,22,46,
4538	42,
4539	24,28,
4540	3,48,
4541	46,
4542	21,25,
4543	25,43,
4544	2,18,28,29,38,
4545	28,32,49,
4546	6,25,47,
4547	4,31,48,
4548	0,22,
4549	15,17,
4550	3,7,38,46,
4551	7,14,
4552	23,24,
4553	17,
4554	7,
4555	16,25,
4556	14,15,49,
4557	3,
4558	0,16,30,42,44,
4559	35,34,
4560	37,35,0,
4561	21,29,
4562	12,38,46,
4563	8,10,19,
4564	4,5,18,21,24,
4565	15,41,
4566	27,36,41,48,
4567	48,46,
4568	16,
4569	45,47,
4570	6,25,34,
4571	32,28,
4572	7,10,39,
4573	2,5,36,
4574	47,
4575	15,42,
4576	30,
4577	26,31,32,36,37,42,
4578	10,48,
4579	40,
4580	5,21,35,
4581	25,27,33,
4582	40,
4583	5,
4584	0,1,
4585	4,27,
4586	34,39,49,
4587	49,
4588	30,
4589	15,18,
4590	7,4,45,
4591	36,
4592	47,
4593	22,
4594	10,15,25,36,
4595	9,15,18,42,
4596	19,31,
4597	14,41,
4598	25,
4599	8,34,44,
4600	1,6,
4601	16,40,
4602	9,17,36,
4603	4,8,
4604	24,2,
4605	29,
4606	30,
4607	9,45,47,
4608	32,21,
4609	6,31,42,43,49,
4610	7,45,49,
4611	2,
4612	0,
4613	10,15,
4614	20,22,44,
4615	0,10,11,30,39,
4616	32,39,
4617	5,8,13,
4618	13,19,31,40,
4619	9,10,
4620	27,
4621	16,28,
4622	20,
4623	9,
4624	10,24,35,
4625	10,
4626	22,16,
4627	44,35,
4628	17,30,
4629	46,49,
4630	20,27,
4631	20,27,44,
4632	31,
4633	12,24,29,32,48,
4634	34,
4635	34,
4636	21,
4637	28,36,
4638	11,22,43,44,45,
4639	3,
4640	10,
4641	16,34,
4642	42,45,30,
4643	1,45,
4644	31,
4645	19,
4646	28,
4647	33,41,
4648	5,22,28,
4649	43,48,
4650	25,
4651	26,38,
4652	7,17,41,
4653	1,17,20,34,
4654	20,32,
4655	26,47,45,
4656	11,20,45,
4657	8,13,17,
4658	7,
4659	27,
4660	8,20,33,
4661	4,
4662	8,31,42,
4663	4,12,
4664	16,49,
4665	19,29,
4666	17,
4667	2,27,
4668	5,7,27,29,43,
4669	6,
4670	5,34,
4671	18,33,
4672	23,29,
4673	25,44,
4674	15,17,18,21,
4675	17,35,
4676	27,34,48,
4677	3,5,44,
4678	12,
4679	5,48,
4680	15,40,
4681	33,46,
4682	9,
4683	21,27,35,40,49,
4684	45,35,
4685	17,31,
4686	9,16,19,
4687	13,11,
4688	0,3,
4689	46,
4690	2,
4691	11,
4692	29,45,48,
4693	48,25,
4694	0,1,20,44,
4695	2,
4696	2,3,14,23,38,
4697	17,42,
4698	1,27,
4699	32,
4700	19,40,
4701	32,31,
4702	9,20,32,
4703	29,6,
4704	3,14,17,25,48,
4705	43,44,
4706	2,
4707	8,27,
4708	11,18,20,25,
4709	16,29,
4710	20,43,
4711	32,2,
4712	0,14,25,29,
4713	43,45,48,
4714	6,36,41,
4715	13,15,18,23,31,
4716	20,
4717	29,43,
4718	47,31,
4719	11,15,17,33,48,49,
4720	5,17,48,
4721	17,18,22,
4722	10,28,
4723	4,29,
4724	22,
4725	24,
4726	23,29,
4727	15,16,49,
4728	12,46,
4729	41,1,2,
4730	10,32,46,
4731	31,45,
4732	9,23,31,
4733	33,36,
4734	10,
4735	23,
4736	30,34,47,
4737	29,
4738	3,13,5,
4739	7,46,
4740	26,
4741	11,16,
4742	25,
4743	5,15,20,36,48,
4744	26,28,37,
4745	13,19,
4746	4,
4747	10,22,41,
4748	11,
4749	16,
4750	1,24,33,
4751	15,20,21,28,46,
4752	0,
4753	9,24,27,
4754	24,10,18,
4755	1,10,
4756	31,
4757	35,45,
4758	26,
4759	1,3,44,
4760	10,19,21,
4761	2,42,47,
4762	23,38,42,
4763	16,46,
4764	19,
4765	26,
4766	8,27,34,42,
4767	20,27,
4768	1,2,18,27,
4769	19,
4770	28,
4771	23,
4772	17,13,7,
4773	15,31,35,46,
4774	4,17,42,
4775	16,37,49,
4776	15,
4777	2,34,
4778	29,
4779	5,
4780	11,41,
4781	30,
4782	0,10,41,
4783	32,
4784	41,40,
4785	44,
4786	5,19,
4787	18,32,36,45,
4788	16,46,
4789	32,34,46,
4790	4,26,38,46,
4791	8,39,
4792	48,
4793	11,15,32,46,
4794	5,7,45,
4795	44,32,17,
4796	0,1,35,
4797	3,22,30,39,
4798	0,2,
4799	49,6,8,
4800	20,
4801	32,24,38,
4802	13,38,
4803	17,
4804	25,41,
4805	15,27,38,45,
4806	13,20,
4807	22,
4808	14,26,32,
4809	12,29,42,
4810	10,12,27,29,31,34,
4811	27,35,36,49,
4812	42,
4813	7,31,47,
4814	12,
4815	18,30,49,
4816	8,41,47,
4817	4,30,
4818	1,16,20,
4819	0,9,20,
4820	38,
4821	9,38,40,42,
4822	12,
4823	23,35,48,
4824	34,44,
4825	5,25,42,
4826	19,21,38,44,
4827	13,20,47,
4828	42,45,
4829	12,36,
4830	45,
4831	44,
4832	4,11,37,43,
4833	19,28,35,44,
4834	5,17,24,
4835	2,15,
4836	10,49,
4837	12,15,26,
4838	13,22,34,38,44,
4839	5,
4840	6,9,49,
4841	25,
4842	27,31,
4843	11,17,30,
4844	5,21,32,34,
4845	3,32,35,37,48,
4846	14,42,
4847	5,
4848	19,11,49,
4849	2,15,29,
4850	27,
4851	17,
4852	16,18,40,
4853	39,
4854	13,48,
4855	16,26,
4856	27,43,
4857	40,
4858	19,2,44,
4859	5,48,
4860	10,14,15,
4861	27,34,
4862	2,19,25,29,
4863	15,21,
4864	35,40,46,
4865	5,39,47,
4866	42,
4867	23,
4868	34,
4869	10,
4870	5,24,
4871	13,29,45,
4872	2,34,43,
4873	19,22,
4874	32,
4875	0,2,25,27,29,30,
4876	18,
4877	14,25,
4878	13,
4879	8,10,
4880	48,
4881	2,47,
4882	15,25,
4883	35,
4884	22,45,
4885	34,
4886	33,40,
4887	29,
4888	25,43,
4889	9,33,30,
4890	41,
4891	36,
4892	13,27,47,
4893	39,17,9,
4894	4,27,31,
4895	10,24,37,
4896	2,29,
4897	4,
4898	7,20,41,
4899	12,16,32,
4900	45,
4901	38,27,
4902	3,7,
4903	38,22,
4904	11,
4905	24,
4906	31,45,
4907	5,18,
4908	44,16,23,
4909	32,34,41,49,
4910	14,
4911	9,20,34,
4912	22,
4913	3,26,40,46,
4914	6,9,29,38,46,
4915	17,33,
4916	24,29,38,
4917	45,
4918	37,
4919	14,34,45,
4920	44,
4921	8,
4922	0,21,
4923	16,17,
4924	3,12,27,34,44,
4925	12,37,38,41,
4926	14,16,24,30,
4927	28,
4928	40,
4929	24,38,48,
4930	27,32,
4931	28,
4932	6,18,
4933	34,
4934	13,45,
4935	16,
4936	8,20,40,43,
4937	0,30,44,
4938	17,
4939	5,13,
4940	4,36,37,41,
4941	3,5,34,
4942	27,35,49,
4943	26,
4944	26,34,37,
4945	13,
4946	0,7,24,
4947	6,
4948	3,21,35,47,
4949	19,22,34,
4950	3,8,
4951	23,
4952	1,28,
4953	0,15,18,
4954	7,15,34,
4955	7,10,48,
4956	11,15,
4957	6,9,29,49,
4958	7,11,21,28,38,
4959	9,38,
4960	49,
4961	14,47,
4962	30,
4963	15,17,22,
4964	24,
4965	5,
4966	3,10,27,29,
4967	23,
4968	2,34,
4969	40,
4970	12,41,
4971	13,16,20,
4972	5,31,
4973	3,24,37,46,
4974	15,16,35,
4975	10,14,16,21,
4976	31,32,
4977	34,40,
4978	3,8,
4979	11,12,25,27,39,44,47,
4980	4,9,42,
4981	5,6,40,
4982	26,45,
4983	13,30,41,
4984	45,46,
4985	4,28,48,
4986	7,
4987	12,16,
4988	0,3,10,20,40,
4989	39,43,
4990	48,
4991	0,35,39,
4992	6,18,33,
4993	46,
4994	39,45,
4995	33,
4996	36,40,
4997	1,21,25,
4998	1,35,
4999	15,29,32,
