0	8,
1	9,
2	11,22,
3	4,10,25,29,
4	34,
5	2,16,
6	0,21,35,42,45,
7	27,29,36,
8	6,10,41,
9	19,
10	24,28,46,
11	4,6,39,
12	14,
13	9,26,
14	6,32,34,49,
15	32,
16	21,
17	0,
18	5,20,33,
19	21,
20	13,16,34,
21	0,6,8,18,38,
22	20,38,43,48,
23	30,39,
24	0,23,
25	24,26,41,42,
26	19,21,36,39,40,
27	35,37,
28	36,34,46,
29	24,41,
30	6,25,29,
31	4,48,
32	23,27,
33	2,16,
34	5,
35	16,36,44,47,
36	15,24,39,
37	41,48,
38	20,
39	6,
40	46,
41	21,35,41,
42	13,45,49,
43	25,26,44,
44	6,39,49,
45	12,
46	12,28,38,
47	18,26,27,41,
48	0,13,14,
49	35,41,
50	35,44,
51	21,
52	32,45,
53	4,25,
54	0,7,40,
55	20,
56	0,
57	27,29,32,
58	29,35,45,
59	21,
60	29,
61	19,40,
62	7,22,33,49,
63	24,30,48,
64	3,12,43,
65	23,
66	22,
67	45,
68	32,36,
69	26,
70	23,25,
71	3,33,
72	11,48,
73	14,34,47,
74	22,
75	26,38,40,48,
76	34,40,45,
77	7,32,
78	23,46,
79	1,19,29,45,
80	2,17,35,43,
81	23,
82	3,27,35,
83	34,46,
84	28,37,30,
85	28,40,
86	31,
87	48,
88	45,
89	37,40,
90	10,24,29,39,
91	22,24,
92	0,16,
93	27,40,44,49,
94	8,19,
95	19,33,
96	43,44,
97	49,21,
98	1,26,34,
99	45,
100	1,2,18,22,
101	14,20,49,
102	28,
103	14,23,
104	24,
105	1,39,
106	23,35,
107	36,19,30,
108	32,
109	18,23,44,
110	44,
111	19,48,
112	10,22,
113	1,27,28,
114	9,19,24,
115	19,42,
116	3,31,35,
117	4,10,28,
118	12,19,
119	14,23,29,
120	37,45,
121	27,30,47,
122	14,29,
123	10,8,23,
124	6,
125	32,
126	23,36,
127	3,
128	21,27,30,31,
129	24,
130	23,26,36,
131	49,5,
132	8,
133	29,35,
134	14,
135	0,1,2,27,44,
136	1,3,28,48,
137	14,17,
138	11,38,40,
139	45,
140	29,
141	9,12,17,48,
142	6,24,
143	12,34,14,
144	36,
145	1,19,44,
146	32,47,
147	5,9,18,38,
148	12,21,44,
149	26,
150	26,44,
151	2,28,30,
152	9,41,
153	13,36,
154	4,
155	33,
156	1,8,26,33,38,
157	14,
158	24,
159	11,
160	13,43,47,
161	4,30,
162	28,38,
163	2,27,28,46,
164	7,20,
165	5,14,
166	39,
167	22,
168	3,
169	29,39,45,
170	5,20,21,
171	0,7,10,
172	19,24,32,40,
173	16,32,
174	2,
175	39,35,
176	39,
177	7,22,44,
178	34,
179	10,13,15,
180	15,39,
181	11,26,
182	26,30,38,41,
183	49,
184	42,
185	25,35,
186	37,
187	2,20,49,
188	2,
189	33,17,36,
190	5,30,
191	0,25,48,
192	18,20,29,
193	12,15,31,
194	39,
195	24,39,
196	47,
197	10,13,
198	11,
199	31,35,
200	8,26,29,
201	26,48,
202	7,10,23,
203	37,
204	8,9,39,
205	10,13,31,34,
206	6,38,48,
207	11,
208	25,33,45,
209	4,5,38,
210	0,21,
211	4,5,8,18,25,
212	48,
213	20,27,
214	12,46,
215	31,42,
216	13,18,28,30,42,44,
217	1,14,37,
218	11,41,
219	6,8,11,22,28,37,43,
220	46,
221	1,7,
222	9,12,46,
223	1,10,46,
224	6,
225	2,4,8,
226	0,26,
227	5,15,28,
228	22,
229	10,
230	22,32,38,
231	18,
232	46,2,
233	17,23,29,
234	14,16,
235	30,46,
236	5,42,
237	13,17,
238	4,18,
239	3,28,
240	38,
241	16,33,
242	4,18,23,33,35,48,
243	17,
244	6,
245	27,41,
246	36,48,
247	25,45,
248	0,7,20,34,39,
249	2,37,42,
250	42,31,22,
251	10,18,26,33,
252	6,17,25,27,
253	17,31,
254	5,11,15,28,
255	0,24,
256	2,
257	4,8,
258	3,
259	41,
260	13,21,
261	25,
262	1,22,26,33,39,
263	22,37,
264	0,12,
265	13,15,18,49,
266	21,22,23,34,
267	2,3,48,
268	46,
269	41,
270	4,21,44,45,
271	5,15,20,
272	0,
273	31,
274	7,29,35,37,40,49,
275	8,28,36,
276	16,32,38,
277	16,44,45,
278	16,38,
279	34,
280	16,17,
281	41,
282	2,4,24,26,
283	9,34,40,
284	23,
285	17,30,48,
286	3,22,
287	32,41,
288	44,24,
289	49,
290	7,21,35,
291	16,34,47,
292	10,11,21,45,49,
293	17,24,26,
294	30,2,
295	21,36,
296	1,23,40,
297	35,
298	24,
299	10,14,24,
300	2,7,
301	2,
302	41,
303	30,
304	44,
305	39,
306	0,16,29,33,
307	0,3,13,
308	4,39,40,
309	6,25,47,49,
310	30,43,46,
311	16,
312	12,15,30,
313	16,47,
314	28,39,
315	19,35,
316	6,
317	36,
318	3,17,27,
319	39,
320	24,
321	7,45,
322	4,5,31,33,38,
323	23,31,
324	48,23,
325	1,8,24,
326	25,29,44,46,
327	26,40,44,45,
328	20,33,
329	9,17,19,
330	42,
331	32,24,
332	11,19,
333	23,34,
334	13,39,
335	8,40,
336	16,30,39,
337	0,28,29,49,
338	4,20,41,
339	7,20,29,34,43,
340	6,26,27,36,
341	22,38,
342	29,
343	7,29,
344	5,15,
345	36,
346	38,48,
347	18,19,39,46,
348	1,30,39,
349	33,45,
350	13,27,35,49,
351	2,7,36,40,
352	20,29,30,32,
353	12,
354	36,39,40,
355	22,24,25,31,
356	1,9,14,22,29,37,42,
357	32,
358	1,2,5,9,28,32,
359	43,
360	8,15,22,33,
361	23,27,
362	10,22,36,45,
363	15,22,27,
364	16,22,23,
365	4,47,
366	5,9,34,38,
367	22,25,35,41,46,
368	1,6,38,46,
369	10,17,40,
370	15,33,
371	12,14,40,44,
372	8,17,39,41,
373	25,
374	15,23,43,
375	31,
376	4,
377	6,
378	14,30,
379	2,9,15,31,36,
380	3,29,
381	15,16,18,
382	8,
383	34,40,
384	23,
385	22,28,46,
386	16,
387	28,
388	3,19,27,
389	1,13,30,
390	13,26,42,44,
391	3,21,
392	30,33,
393	24,
394	37,3,24,
395	29,37,
396	3,28,
397	24,40,
398	28,
399	6,15,49,
400	28,
401	4,10,16,
402	22,
403	22,29,34,
404	20,
405	6,
406	5,
407	40,41,
408	12,27,
409	33,
410	20,
411	10,30,
412	5,
413	43,
414	10,13,36,47,
415	3,6,13,25,34,37,
416	0,16,32,46,
417	13,
418	33,
419	2,26,32,36,
420	9,36,48,
421	14,
422	24,35,41,42,
423	26,
424	16,22,33,
425	23,41,
426	27,33,42,48,
427	8,39,20,
428	23,38,5,
429	18,24,
430	14,22,
431	35,11,40,
432	6,8,36,
433	13,36,
434	36,47,48,
435	27,37,
436	7,21,32,35,47,
437	25,27,
438	32,37,
439	16,23,29,
440	0,36,48,
441	21,30,
442	3,13,26,
443	25,
444	7,
445	17,22,
446	33,41,
447	27,
448	1,3,8,19,
449	34,
450	0,14,30,
451	0,19,21,25,37,
452	38,
453	12,36,39,
454	1,
455	11,12,28,38,
456	2,26,30,44,48,
457	31,43,
458	8,30,48,
459	16,
460	2,8,14,49,
461	49,11,
462	4,
463	13,39,
464	2,
465	24,
466	5,15,43,
467	6,18,22,27,40,
468	46,
469	4,45,
470	4,39,43,
471	18,46,8,
472	1,
473	9,
474	16,
475	47,
476	16,41,
477	38,
478	28,39,41,
479	8,
480	21,26,34,
481	34,47,21,
482	23,27,35,
483	17,22,42,
484	1,18,30,
485	4,21,32,
486	4,34,44,
487	36,
488	1,12,17,
489	8,19,
490	48,19,
491	11,45,
492	12,43,
493	13,20,30,
494	39,10,38,
495	2,18,21,
496	49,
497	23,43,
498	10,22,26,
499	27,
500	35,36,
501	27,46,
502	28,36,46,
503	9,26,
504	0,
505	3,16,26,
506	9,17,33,
507	4,38,39,
508	4,
509	13,19,
510	26,
511	9,47,
512	1,6,
513	2,31,35,47,
514	24,42,49,
515	49,
516	46,49,
517	30,
518	37,49,
519	14,41,47,
520	7,13,18,22,29,31,39,
521	18,49,12,
522	42,
523	4,
524	1,6,35,
525	3,26,
526	43,
527	9,
528	17,20,21,41,
529	44,45,
530	37,32,38,
531	8,
532	12,39,
533	11,32,42,
534	3,30,48,
535	24,
536	27,5,
537	0,6,29,32,42,
538	7,
539	2,32,48,
540	7,12,18,25,
541	7,40,
542	27,39,
543	6,
544	27,
545	5,28,
546	8,12,20,30,
547	37,
548	16,12,
549	22,26,40,
550	26,29,
551	14,15,35,
552	41,
553	10,16,39,42,45,
554	47,
555	34,
556	2,4,10,33,
557	19,26,
558	35,
559	21,23,30,46,49,
560	32,
561	12,26,48,
562	49,
563	47,35,
564	10,48,
565	12,
566	8,20,
567	16,
568	42,
569	5,
570	35,
571	23,45,
572	42,
573	22,35,
574	20,23,28,
575	30,
576	15,
577	11,17,36,42,
578	26,49,
579	16,
580	20,34,47,
581	17,31,
582	26,39,
583	2,37,
584	24,
585	6,7,14,15,20,33,
586	2,14,49,
587	16,
588	27,
589	21,26,32,
590	36,
591	6,16,
592	34,40,44,
593	1,20,
594	1,0,6,
595	20,21,37,
596	36,41,
597	26,35,49,
598	10,26,
599	4,44,
600	31,44,
601	13,39,
602	18,40,28,
603	11,23,32,
604	11,23,34,48,
605	23,49,
606	44,
607	26,34,
608	20,
609	44,49,
610	32,21,
611	13,
612	26,35,40,
613	9,40,
614	1,
615	4,42,
616	6,
617	24,
618	12,30,
619	15,
620	21,30,46,
621	12,27,31,40,47,
622	11,28,
623	24,
624	9,24,29,49,
625	4,
626	2,5,20,
627	47,
628	9,11,24,29,
629	36,
630	9,
631	21,23,47,
632	2,5,
633	15,
634	17,49,
635	27,35,
636	3,16,32,
637	9,11,27,32,
638	22,47,
639	20,26,30,
640	48,
641	30,47,
642	0,8,
643	12,45,29,
644	28,36,
645	6,16,
646	13,20,44,46,
647	29,43,
648	5,12,22,
649	26,
650	11,30,
651	8,12,26,29,33,
652	26,47,
653	5,
654	20,21,37,49,
655	21,
656	47,
657	16,
658	31,
659	35,41,48,
660	3,5,18,31,
661	34,
662	20,
663	16,23,
664	27,
665	7,49,
666	10,14,
667	3,8,41,
668	10,33,
669	1,42,
670	21,24,48,
671	3,6,10,
672	5,
673	0,46,
674	11,38,
675	2,
676	15,44,
677	26,36,
678	5,13,17,49,
679	0,22,
680	35,
681	2,7,
682	23,35,
683	28,40,
684	3,9,16,
685	9,40,
686	13,16,49,
687	23,
688	4,17,28,43,46,
689	3,15,32,
690	4,29,
691	23,
692	45,
693	10,31,41,
694	15,31,
695	27,
696	1,7,
697	47,
698	10,24,26,
699	34,
700	2,
701	2,5,17,20,23,
702	21,26,41,
703	37,
704	18,
705	48,
706	42,43,
707	11,33,41,
708	17,20,43,
709	30,
710	7,19,
711	39,46,
712	15,26,34,
713	17,
714	24,
715	3,17,33,
716	38,
717	39,
718	8,35,
719	11,30,
720	5,13,
721	39,49,
722	4,22,26,38,
723	27,33,38,40,44,
724	43,35,
725	7,8,17,
726	30,
727	7,
728	42,47,
729	32,36,
730	4,22,39,
731	4,47,49,
732	42,20,32,
733	17,
734	31,46,
735	25,
736	2,43,
737	38,
738	12,14,32,40,
739	5,
740	4,
741	27,
742	3,38,
743	24,29,
744	3,40,45,
745	19,43,
746	25,33,
747	23,42,
748	3,25,
749	17,27,
750	6,11,12,28,
751	21,
752	10,38,
753	2,19,22,32,
754	37,44,10,
755	26,
756	2,20,24,
757	27,28,49,
758	28,46,
759	34,
760	8,15,
761	15,16,19,
762	45,
763	25,47,
764	9,30,33,36,39,
765	7,21,35,
766	21,40,48,
767	13,30,
768	15,
769	12,26,
770	25,
771	26,48,
772	6,10,
773	7,19,23,33,
774	0,3,23,45,
775	4,
776	6,21,
777	7,39,40,
778	21,28,
779	12,
780	5,22,29,
781	27,30,34,
782	11,23,42,
783	19,24,
784	26,
785	25,28,
786	14,24,29,30,
787	35,
788	30,
789	25,
790	0,41,
791	6,10,29,39,40,
792	40,
793	28,34,
794	21,37,41,
795	34,
796	22,
797	7,10,
798	39,
799	15,36,
800	11,
801	20,29,
802	24,46,
803	20,
804	24,29,48,
805	5,
806	27,28,
807	12,25,
808	8,14,
809	37,
810	5,42,27,
811	27,49,
812	2,18,
813	6,29,33,41,
814	11,
815	4,11,
816	40,
817	11,14,37,
818	4,8,11,
819	29,39,
820	42,44,
821	0,
822	27,35,46,
823	12,
824	5,11,34,35,
825	32,35,
826	27,29,33,47,
827	23,
828	10,
829	28,40,45,
830	36,40,47,
831	0,3,5,49,
832	26,38,
833	30,48,
834	32,
835	25,22,
836	43,
837	23,
838	12,
839	3,30,35,37,40,
840	43,
841	2,9,
842	1,2,4,
843	2,11,
844	9,41,43,
845	40,
846	4,6,11,37,
847	3,35,
848	46,
849	29,
850	4,
851	49,
852	17,37,38,40,
853	5,
854	7,23,26,
855	48,39,9,
856	11,39,
857	8,
858	34,44,
859	21,26,43,
860	30,31,37,
861	4,43,
862	6,24,40,
863	8,21,
864	34,27,
865	9,10,
866	10,43,
867	31,
868	43,
869	14,
870	4,
871	23,33,41,
872	4,12,22,
873	38,19,
874	38,44,
875	33,34,
876	12,28,31,45,
877	16,42,
878	14,18,25,47,
879	35,47,
880	8,18,49,
881	5,23,35,47,48,
882	0,26,35,
883	2,26,29,33,34,
884	27,37,
885	47,49,
886	40,38,
887	20,28,
888	1,18,26,
889	23,42,
890	4,45,
891	33,17,
892	37,45,
893	11,24,38,45,
894	11,24,19,
895	30,
896	17,18,
897	2,40,
898	9,29,32,42,47,
899	16,41,
900	36,40,
901	4,36,44,
902	2,24,
903	19,22,39,
904	40,25,5,
905	27,31,
906	10,48,
907	0,46,
908	18,39,
909	26,36,48,
910	21,
911	3,
912	10,42,46,47,
913	7,23,
914	15,28,35,36,
915	1,24,29,35,
916	45,
917	3,17,34,41,47,
918	5,17,18,40,
919	28,49,
920	4,13,39,44,
921	4,27,
922	5,6,15,16,21,
923	16,24,30,
924	2,25,
925	4,33,
926	7,48,49,
927	1,14,
928	18,27,36,
929	2,5,
930	3,34,
931	23,
932	30,
933	10,16,43,
934	15,20,43,
935	20,26,49,
936	22,27,45,
937	11,45,
938	7,23,26,32,
939	30,
940	30,1,
941	0,2,40,
942	18,36,
943	10,40,
944	4,10,21,36,
945	49,
946	26,27,33,35,
947	13,31,
948	7,35,
949	10,
950	3,
951	22,26,
952	6,
953	5,9,29,
954	28,38,42,46,
955	15,17,46,
956	5,
957	4,7,29,46,
958	11,27,40,
959	49,1,32,
960	6,10,
961	1,17,25,
962	11,41,42,49,
963	13,
964	23,27,
965	8,25,
966	23,31,32,37,
967	6,11,
968	40,47,
969	6,27,47,
970	9,
971	9,10,41,
972	31,38,
973	0,8,11,19,25,
974	5,12,13,26,49,
975	10,28,14,
976	5,12,26,
977	10,31,34,37,
978	49,
979	9,
980	18,40,
981	19,24,
982	18,22,41,
983	6,10,29,35,47,
984	32,37,
985	10,12,19,44,
986	3,10,26,37,
987	22,23,
988	1,
989	21,
990	10,22,39,
991	8,37,
992	13,45,
993	17,
994	20,33,
995	27,
996	24,44,
997	30,
998	12,25,36,44,
999	22,
1000	18,
1001	13,19,21,
1002	11,
1003	28,35,47,
1004	16,40,49,
1005	47,
1006	20,26,32,33,
1007	12,44,47,
1008	19,36,43,
1009	47,
1010	4,6,14,32,34,37,45,
1011	8,37,34,
1012	8,49,
1013	7,27,
1014	21,
1015	4,8,28,47,
1016	8,27,32,
1017	2,26,34,
1018	47,
1019	5,
1020	35,
1021	0,33,38,
1022	13,21,40,
1023	11,24,
1024	7,21,27,
1025	10,29,
1026	9,19,21,
1027	16,30,43,
1028	13,18,23,36,41,
1029	45,
1030	37,
1031	18,
1032	9,16,
1033	41,
1034	49,
1035	32,46,
1036	3,30,43,
1037	37,39,
1038	23,39,
1039	3,23,
1040	8,20,38,
1041	11,
1042	44,
1043	40,44,
1044	14,20,
1045	7,
1046	12,30,
1047	9,20,35,46,
1048	2,10,29,30,
1049	8,9,
1050	35,
1051	42,
1052	36,
1053	18,23,
1054	3,5,
1055	3,18,23,27,
1056	43,
1057	4,28,
1058	27,
1059	6,
1060	13,38,
1061	6,11,23,39,
1062	10,22,
1063	4,28,48,
1064	5,
1065	4,15,27,34,41,
1066	2,12,
1067	13,41,
1068	45,13,49,
1069	9,45,
1070	39,
1071	14,18,
1072	1,2,16,31,
1073	29,40,42,46,47,
1074	14,41,
1075	23,
1076	2,37,28,
1077	3,18,23,47,
1078	10,42,48,
1079	11,16,30,
1080	28,30,34,
1081	23,33,
1082	9,18,
1083	26,
1084	1,35,
1085	6,8,29,46,47,
1086	36,42,
1087	17,34,
1088	9,22,32,
1089	38,48,
1090	8,29,36,46,
1091	24,41,48,
1092	0,5,9,
1093	49,
1094	4,19,34,39,
1095	6,9,
1096	44,
1097	48,5,6,
1098	25,45,
1099	15,
1100	8,20,31,41,
1101	27,
1102	19,28,
1103	29,38,41,
1104	13,33,
1105	6,9,24,
1106	12,19,
1107	11,
1108	18,
1109	28,12,7,
1110	23,
1111	26,39,
1112	23,36,
1113	47,
1114	40,42,45,
1115	15,21,
1116	1,
1117	26,
1118	1,
1119	6,7,
1120	14,21,
1121	10,23,25,32,
1122	12,22,27,32,34,
1123	3,49,
1124	4,18,
1125	28,
1126	7,22,33,
1127	11,35,49,
1128	15,
1129	3,16,
1130	30,
1131	12,
1132	28,0,
1133	4,
1134	28,23,36,
1135	42,
1136	10,31,34,
1137	9,
1138	14,33,47,
1139	1,
1140	11,23,28,31,
1141	48,
1142	8,
1143	42,39,
1144	27,34,
1145	22,
1146	20,35,
1147	12,24,30,46,
1148	1,17,49,
1149	15,23,37,
1150	26,
1151	30,39,46,
1152	2,4,27,29,
1153	5,15,25,
1154	2,
1155	5,17,
1156	13,20,22,45,
1157	18,
1158	4,
1159	15,19,23,
1160	35,3,30,
1161	10,26,42,45,
1162	3,18,31,
1163	1,4,
1164	25,36,44,
1165	44,
1166	0,6,13,
1167	4,14,23,31,48,
1168	21,34,40,
1169	3,4,8,12,
1170	37,
1171	9,39,
1172	1,8,18,19,
1173	23,24,47,
1174	5,24,
1175	44,48,
1176	20,26,27,
1177	11,46,
1178	6,19,22,
1179	20,
1180	7,
1181	6,
1182	36,
1183	38,10,
1184	9,24,29,
1185	7,9,24,26,
1186	22,27,
1187	4,6,
1188	36,
1189	14,
1190	42,
1191	23,7,3,
1192	8,15,18,20,
1193	0,
1194	38,
1195	29,33,
1196	23,
1197	2,37,
1198	16,21,45,
1199	38,
1200	0,6,16,21,24,
1201	28,3,47,
1202	18,38,42,
1203	7,
1204	17,36,
1205	6,45,
1206	7,13,24,32,
1207	6,23,27,46,
1208	42,
1209	19,
1210	12,13,36,
1211	34,20,1,
1212	9,37,
1213	9,
1214	8,36,38,48,
1215	38,
1216	48,
1217	8,13,
1218	0,47,
1219	41,44,
1220	10,40,
1221	2,15,
1222	22,40,
1223	7,30,
1224	1,24,49,
1225	4,
1226	16,
1227	40,43,
1228	22,27,
1229	22,45,
1230	4,5,25,
1231	40,
1232	46,
1233	39,
1234	22,
1235	8,29,
1236	23,
1237	0,10,13,
1238	24,
1239	9,41,42,
1240	26,48,49,
1241	13,17,46,
1242	31,
1243	43,
1244	49,
1245	14,19,20,29,43,44,
1246	21,23,31,
1247	8,24,
1248	18,23,39,
1249	46,
1250	6,38,
1251	37,40,
1252	2,22,36,37,
1253	2,14,
1254	13,39,
1255	6,32,43,
1256	13,27,
1257	10,20,49,
1258	5,49,42,
1259	15,18,20,36,49,
1260	14,
1261	27,42,
1262	12,17,46,
1263	6,16,
1264	5,22,29,47,
1265	34,36,45,
1266	2,
1267	24,
1268	7,15,
1269	43,45,49,
1270	4,13,20,23,45,
1271	29,41,
1272	4,10,13,17,
1273	14,46,
1274	0,
1275	3,37,
1276	23,39,
1277	3,
1278	32,
1279	27,34,
1280	33,49,
1281	0,47,49,
1282	30,
1283	1,16,21,27,34,
1284	36,
1285	29,
1286	31,8,10,
1287	15,
1288	12,
1289	18,21,48,
1290	11,
1291	20,21,
1292	22,37,
1293	37,43,49,
1294	37,
1295	11,29,35,
1296	10,17,
1297	8,
1298	28,
1299	4,
1300	42,
1301	2,11,28,43,
1302	23,
1303	9,12,
1304	43,
1305	40,
1306	1,6,10,28,42,
1307	9,19,23,
1308	0,26,34,
1309	0,18,
1310	31,
1311	0,4,7,12,23,41,48,
1312	13,
1313	2,21,43,49,
1314	41,4,
1315	45,
1316	25,27,
1317	18,45,
1318	5,
1319	1,
1320	40,
1321	1,30,47,
1322	26,
1323	26,47,49,
1324	36,44,
1325	47,
1326	7,
1327	29,41,
1328	33,
1329	2,7,12,
1330	25,
1331	40,
1332	33,45,
1333	29,
1334	15,
1335	19,
1336	44,
1337	4,5,35,
1338	12,
1339	39,
1340	6,16,19,23,
1341	43,44,
1342	0,14,28,39,
1343	4,14,20,32,37,
1344	30,
1345	26,33,45,
1346	34,40,
1347	0,8,
1348	27,
1349	6,23,
1350	12,18,28,41,47,
1351	6,15,44,
1352	46,
1353	7,
1354	24,28,38,
1355	2,
1356	14,
1357	29,47,
1358	34,
1359	13,27,
1360	20,
1361	1,10,20,36,
1362	47,40,
1363	13,26,28,
1364	12,17,35,
1365	2,47,
1366	10,22,
1367	1,
1368	1,38,
1369	12,
1370	17,
1371	26,39,
1372	10,36,
1373	3,41,
1374	13,23,24,
1375	27,
1376	27,
1377	5,23,
1378	3,7,18,24,40,
1379	18,
1380	24,31,38,
1381	13,22,
1382	14,20,22,37,
1383	13,
1384	15,37,47,
1385	26,
1386	3,12,18,
1387	0,14,31,48,
1388	27,
1389	29,41,
1390	34,
1391	48,49,
1392	5,18,4,
1393	24,36,
1394	18,34,
1395	1,7,10,32,
1396	2,32,
1397	0,9,
1398	49,
1399	13,27,
1400	41,10,11,
1401	40,
1402	19,40,
1403	47,
1404	38,
1405	35,
1406	35,
1407	0,28,38,
1408	8,11,
1409	23,
1410	9,46,
1411	8,19,32,
1412	34,21,
1413	41,
1414	1,11,21,
1415	17,37,40,
1416	22,36,
1417	3,5,27,29,30,38,
1418	24,
1419	10,
1420	22,
1421	49,15,5,
1422	8,22,41,
1423	1,30,
1424	28,46,
1425	1,17,
1426	6,30,35,48,
1427	7,11,40,
1428	15,45,
1429	25,41,18,
1430	15,40,48,
1431	11,
1432	16,13,
1433	15,35,38,
1434	26,
1435	3,15,30,31,
1436	0,3,11,33,
1437	6,16,
1438	3,10,12,
1439	26,
1440	22,33,41,44,
1441	7,42,
1442	13,25,40,
1443	22,
1444	3,17,
1445	4,27,45,
1446	10,45,49,
1447	35,
1448	34,
1449	12,
1450	4,20,24,
1451	0,19,28,34,
1452	22,
1453	4,11,34,
1454	7,8,10,
1455	3,15,19,22,31,
1456	0,16,20,41,49,
1457	10,39,
1458	3,
1459	16,30,43,
1460	4,26,
1461	24,
1462	6,19,39,
1463	4,
1464	5,12,
1465	5,
1466	13,5,
1467	21,
1468	33,38,
1469	15,46,47,
1470	13,22,
1471	39,40,
1472	32,6,0,
1473	20,37,39,40,49,
1474	40,
1475	7,24,37,44,
1476	3,23,41,
1477	0,4,26,
1478	10,
1479	3,40,
1480	35,42,48,49,
1481	0,24,39,
1482	39,41,
1483	36,
1484	9,24,
1485	24,33,
1486	11,30,36,37,
1487	27,46,
1488	43,32,18,
1489	20,27,38,49,
1490	6,7,36,39,
1491	18,
1492	5,12,46,
1493	5,34,47,
1494	28,33,
1495	39,3,
1496	17,38,
1497	23,25,30,39,
1498	5,
1499	2,43,
1500	3,4,42,
1501	41,45,49,
1502	4,42,
1503	32,43,46,
1504	35,43,27,
1505	18,25,
1506	30,32,
1507	28,31,37,
1508	27,
1509	4,11,27,
1510	47,
1511	23,
1512	40,
1513	19,33,
1514	12,3,
1515	4,
1516	14,27,31,
1517	6,23,28,
1518	46,
1519	2,9,12,
1520	34,
1521	14,
1522	12,
1523	29,
1524	4,34,
1525	22,38,
1526	16,27,38,40,
1527	30,35,
1528	20,
1529	2,
1530	23,28,31,
1531	13,41,
1532	14,48,31,
1533	30,
1534	2,23,26,39,40,
1535	14,31,38,
1536	38,39,
1537	38,45,48,
1538	4,7,
1539	17,
1540	13,16,
1541	37,47,
1542	3,13,18,34,42,47,
1543	17,
1544	45,
1545	25,39,
1546	7,22,
1547	0,8,49,
1548	30,35,
1549	19,37,39,
1550	23,
1551	26,34,
1552	46,
1553	12,29,
1554	45,10,
1555	15,28,46,49,
1556	0,6,11,
1557	2,18,28,
1558	22,33,37,
1559	29,
1560	34,36,
1561	14,22,32,
1562	25,44,
1563	39,
1564	1,12,29,
1565	8,25,
1566	5,9,
1567	0,
1568	8,27,
1569	19,40,
1570	5,17,48,
1571	16,20,32,
1572	43,
1573	27,42,
1574	0,13,
1575	44,
1576	3,22,
1577	21,
1578	4,35,
1579	3,35,
1580	13,25,27,44,
1581	3,14,27,30,38,43,
1582	35,41,44,49,
1583	36,
1584	29,45,
1585	16,47,49,
1586	0,24,46,
1587	3,6,24,34,45,
1588	1,
1589	14,20,26,46,
1590	8,48,
1591	16,20,
1592	39,
1593	2,5,8,11,22,24,
1594	24,26,46,
1595	49,
1596	29,
1597	4,10,26,
1598	9,26,
1599	22,27,
1600	4,5,49,
1601	0,36,
1602	4,40,
1603	23,24,25,48,
1604	19,1,11,
1605	36,
1606	2,13,36,
1607	13,
1608	20,23,37,
1609	20,
1610	2,
1611	0,23,
1612	5,29,35,42,
1613	12,45,46,
1614	4,37,
1615	27,39,
1616	12,
1617	5,
1618	8,
1619	11,21,41,
1620	12,
1621	38,22,
1622	8,31,35,45,
1623	47,
1624	33,46,
1625	8,25,
1626	3,30,37,42,45,
1627	23,
1628	23,26,43,
1629	0,24,48,
1630	7,31,
1631	2,34,
1632	46,
1633	30,36,
1634	23,37,42,
1635	45,
1636	28,35,41,
1637	13,39,
1638	10,47,
1639	0,40,
1640	9,
1641	14,
1642	25,43,
1643	39,41,42,45,
1644	27,
1645	37,
1646	6,19,27,44,
1647	13,28,36,
1648	18,
1649	22,
1650	17,21,
1651	7,22,25,
1652	1,10,16,30,44,49,
1653	21,
1654	37,
1655	5,12,15,26,
1656	21,35,43,
1657	32,41,
1658	16,22,
1659	12,
1660	15,
1661	2,
1662	36,20,
1663	38,45,46,
1664	29,47,
1665	14,17,34,
1666	8,32,36,
1667	5,8,47,
1668	4,8,33,38,41,47,
1669	21,42,45,
1670	12,
1671	47,
1672	4,6,40,
1673	3,10,38,
1674	6,15,
1675	2,35,36,41,
1676	19,48,
1677	19,34,37,
1678	44,
1679	18,49,
1680	20,
1681	7,11,20,27,35,
1682	36,
1683	22,49,
1684	1,19,27,
1685	6,13,49,
1686	14,32,42,
1687	13,28,
1688	18,28,
1689	8,29,
1690	15,
1691	0,35,
1692	12,
1693	7,9,30,
1694	5,6,27,37,
1695	16,27,49,
1696	0,25,33,43,
1697	14,18,
1698	13,26,
1699	3,27,
1700	15,
1701	36,
1702	13,32,
1703	43,49,
1704	24,41,
1705	5,7,26,27,49,
1706	12,
1707	14,32,
1708	12,30,
1709	5,39,47,
1710	6,48,
1711	45,24,32,
1712	4,31,
1713	44,
1714	16,
1715	11,23,26,
1716	1,20,
1717	4,21,36,
1718	1,
1719	23,
1720	28,46,
1721	8,
1722	6,9,
1723	35,
1724	4,16,18,31,
1725	23,27,
1726	0,22,31,
1727	4,33,34,
1728	36,24,
1729	1,8,43,
1730	13,18,28,
1731	10,26,
1732	12,40,2,
1733	7,24,28,39,
1734	2,
1735	0,38,45,
1736	4,12,25,34,35,
1737	7,26,42,
1738	9,14,
1739	45,
1740	43,
1741	18,35,43,46,
1742	33,38,41,
1743	1,
1744	33,36,
1745	42,
1746	1,18,20,
1747	17,20,32,
1748	29,
1749	3,27,41,
1750	21,
1751	4,16,38,
1752	11,25,28,41,
1753	20,27,
1754	24,
1755	38,
1756	11,
1757	11,16,25,
1758	6,38,49,
1759	18,30,
1760	0,
1761	34,
1762	19,26,35,
1763	4,23,
1764	11,13,
1765	22,39,40,47,
1766	0,10,23,33,40,
1767	10,29,
1768	3,27,33,37,39,
1769	20,35,
1770	10,
1771	8,18,21,38,
1772	44,
1773	0,
1774	13,3,
1775	29,38,39,
1776	16,27,
1777	0,4,45,
1778	13,
1779	18,
1780	25,
1781	2,23,32,
1782	28,
1783	29,43,45,
1784	22,
1785	31,46,
1786	3,25,
1787	16,22,29,32,
1788	0,2,14,46,
1789	18,
1790	0,33,49,
1791	11,25,
1792	13,36,38,
1793	6,
1794	40,
1795	8,
1796	37,39,43,
1797	27,
1798	21,45,
1799	1,18,
1800	6,41,
1801	33,39,43,
1802	21,23,36,
1803	14,27,44,
1804	19,20,31,
1805	39,47,
1806	25,
1807	18,40,
1808	33,35,42,
1809	8,9,
1810	15,
1811	40,5,1,
1812	5,14,27,43,
1813	17,38,41,
1814	9,11,13,
1815	42,
1816	18,45,
1817	8,21,
1818	20,
1819	8,12,47,
1820	0,
1821	33,
1822	16,40,45,
1823	8,
1824	42,
1825	13,18,24,32,
1826	31,
1827	8,
1828	15,16,18,27,
1829	2,21,
1830	4,26,29,42,
1831	27,34,49,
1832	20,33,
1833	5,29,31,32,41,
1834	23,21,22,
1835	47,
1836	34,36,
1837	2,9,32,
1838	8,32,
1839	6,15,48,
1840	0,12,43,
1841	19,36,
1842	16,33,
1843	5,27,49,
1844	14,
1845	38,
1846	35,49,
1847	19,24,28,45,
1848	20,22,40,
1849	4,7,28,30,
1850	0,
1851	7,
1852	2,14,16,23,41,
1853	20,37,7,
1854	10,20,30,
1855	4,42,44,
1856	12,29,
1857	0,2,5,48,
1858	19,48,44,
1859	7,
1860	35,
1861	22,49,
1862	3,13,41,
1863	29,
1864	32,
1865	11,17,
1866	1,
1867	3,20,
1868	18,24,25,35,
1869	10,32,36,40,
1870	16,32,38,
1871	0,5,10,28,44,
1872	26,
1873	39,
1874	4,21,28,
1875	43,
1876	16,27,32,37,
1877	32,
1878	24,43,47,
1879	31,16,
1880	46,15,
1881	31,
1882	3,35,44,46,
1883	40,
1884	3,14,26,47,
1885	20,
1886	24,44,
1887	20,46,
1888	13,15,29,36,
1889	0,43,
1890	49,
1891	40,
1892	1,17,
1893	0,14,
1894	1,33,
1895	0,4,27,37,
1896	11,40,
1897	15,45,
1898	1,
1899	38,
1900	45,
1901	2,7,40,
1902	21,24,
1903	30,
1904	3,4,38,
1905	23,24,40,
1906	10,13,26,
1907	2,
1908	17,30,
1909	2,29,
1910	0,37,
1911	5,6,
1912	1,
1913	26,
1914	20,42,
1915	0,5,21,
1916	12,15,35,
1917	16,
1918	28,
1919	0,11,27,37,
1920	1,19,27,
1921	10,
1922	11,37,39,42,
1923	19,49,
1924	15,19,
1925	35,46,49,
1926	11,15,17,
1927	26,
1928	37,
1929	41,45,
1930	0,4,12,25,26,31,
1931	30,37,
1932	3,
1933	6,49,
1934	25,34,
1935	0,26,
1936	18,20,30,37,40,
1937	5,33,36,
1938	40,
1939	40,
1940	25,
1941	5,24,42,
1942	11,16,21,
1943	2,36,37,49,
1944	16,33,34,
1945	2,15,31,
1946	8,20,
1947	27,41,
1948	17,45,
1949	4,25,36,
1950	11,13,29,33,
1951	44,30,17,
1952	12,20,4,
1953	34,
1954	24,36,
1955	16,30,31,39,45,
1956	22,
1957	7,29,36,
1958	6,19,29,38,41,44,
1959	2,11,
1960	27,
1961	31,38,22,
1962	8,15,18,22,45,
1963	16,0,
1964	24,39,
1965	3,47,20,
1966	6,22,29,39,
1967	19,36,39,42,
1968	6,41,
1969	49,
1970	13,24,36,
1971	11,37,
1972	33,39,48,
1973	35,40,
1974	31,44,
1975	5,24,30,
1976	7,18,45,
1977	14,26,34,
1978	0,9,48,
1979	1,3,18,
1980	11,20,25,
1981	26,28,
1982	48,16,
1983	17,40,
1984	47,49,
1985	22,27,31,45,
1986	25,
1987	23,28,33,44,47,
1988	13,
1989	21,
1990	21,
1991	34,
1992	18,20,28,43,44,
1993	22,27,
1994	3,37,
1995	10,12,
1996	26,
1997	27,40,43,
1998	26,29,31,49,
1999	8,
2000	26,
2001	9,
2002	6,7,13,15,37,43,
2003	26,31,
2004	28,30,40,
2005	7,
2006	40,
2007	36,38,
2008	17,
2009	29,35,39,
2010	22,23,41,
2011	2,23,24,
2012	6,37,
2013	19,40,
2014	42,
2015	15,23,33,
2016	3,
2017	29,12,45,
2018	0,8,38,
2019	0,39,
2020	3,
2021	12,42,
2022	16,20,
2023	28,
2024	4,14,22,32,
2025	0,3,12,
2026	11,28,41,
2027	24,45,
2028	29,45,46,
2029	9,
2030	28,
2031	1,
2032	15,
2033	14,
2034	4,19,39,45,
2035	11,32,
2036	15,21,
2037	23,29,44,
2038	10,
2039	2,11,13,22,23,
2040	3,39,
2041	3,
2042	24,28,35,38,45,
2043	1,19,36,
2044	1,3,
2045	20,
2046	33,
2047	28,36,
2048	23,
2049	18,42,
2050	13,15,47,49,
2051	9,20,
2052	2,19,25,49,
2053	28,24,23,
2054	22,
2055	3,
2056	42,
2057	42,48,
2058	47,49,
2059	0,28,30,36,47,
2060	24,
2061	17,
2062	30,34,49,
2063	3,29,2,
2064	31,43,
2065	8,22,30,33,42,
2066	10,
2067	18,46,
2068	1,38,
2069	48,16,
2070	31,38,40,41,48,
2071	5,16,29,36,
2072	39,
2073	3,24,
2074	0,
2075	2,11,24,36,
2076	2,6,
2077	29,31,41,43,
2078	9,13,
2079	33,36,
2080	8,28,34,
2081	22,29,
2082	11,
2083	25,
2084	36,43,
2085	47,
2086	29,39,
2087	12,26,29,44,
2088	3,19,40,
2089	13,43,
2090	23,
2091	8,31,47,
2092	19,31,
2093	11,18,25,34,38,
2094	7,42,
2095	4,
2096	13,
2097	0,
2098	24,35,
2099	12,
2100	17,31,
2101	12,21,25,
2102	31,36,
2103	40,
2104	5,13,34,
2105	19,
2106	16,
2107	25,
2108	17,
2109	4,
2110	23,38,40,
2111	7,21,27,38,
2112	17,28,40,
2113	6,8,32,
2114	19,
2115	5,
2116	3,23,24,36,
2117	2,
2118	18,28,
2119	32,39,
2120	2,33,38,
2121	27,33,34,
2122	11,34,
2123	8,13,
2124	13,
2125	14,
2126	4,20,35,38,
2127	9,28,41,49,
2128	13,20,26,
2129	0,6,42,
2130	16,37,
2131	3,5,47,
2132	29,31,45,
2133	36,
2134	4,32,41,
2135	13,14,16,24,
2136	28,47,
2137	29,10,31,
2138	4,
2139	34,44,
2140	34,48,
2141	39,46,
2142	38,0,
2143	24,
2144	9,43,46,
2145	18,20,
2146	13,15,
2147	3,4,12,47,
2148	14,23,
2149	32,34,
2150	0,14,23,40,46,
2151	18,28,35,40,41,
2152	6,22,
2153	11,30,38,47,
2154	38,
2155	15,28,33,
2156	22,25,28,
2157	20,
2158	1,10,34,
2159	5,6,12,35,
2160	15,24,4,
2161	42,
2162	32,
2163	0,8,15,39,42,
2164	13,20,
2165	8,
2166	47,
2167	19,
2168	8,9,47,
2169	23,
2170	39,40,44,
2171	29,
2172	12,16,18,26,29,
2173	31,
2174	4,
2175	2,41,
2176	6,44,
2177	13,22,43,47,
2178	0,26,27,
2179	31,
2180	13,18,
2181	11,32,
2182	16,
2183	19,41,
2184	20,43,
2185	25,
2186	33,49,
2187	4,27,
2188	22,
2189	49,38,9,
2190	2,8,10,
2191	33,45,
2192	48,
2193	34,38,44,45,49,
2194	21,23,
2195	3,
2196	1,
2197	16,18,
2198	35,
2199	20,47,
2200	7,
2201	29,
2202	4,29,34,
2203	0,29,35,
2204	40,42,
2205	4,5,8,33,
2206	22,26,
2207	26,
2208	13,37,
2209	23,35,40,
2210	23,48,
2211	13,
2212	32,
2213	35,46,49,
2214	1,3,
2215	28,
2216	9,41,
2217	9,18,23,
2218	23,26,27,31,
2219	35,47,
2220	30,
2221	6,24,
2222	12,41,
2223	12,33,
2224	17,20,25,29,30,35,
2225	15,27,37,
2226	29,47,
2227	11,24,
2228	20,24,
2229	16,15,4,
2230	22,33,40,
2231	20,30,
2232	18,
2233	5,23,48,
2234	26,27,
2235	45,
2236	8,22,
2237	2,4,8,11,13,45,
2238	47,
2239	8,
2240	33,
2241	19,31,
2242	30,
2243	17,47,
2244	27,39,
2245	20,4,
2246	4,
2247	5,15,33,
2248	33,
2249	31,29,
2250	0,8,16,25,36,
2251	6,45,
2252	32,44,
2253	13,19,39,
2254	15,
2255	1,19,9,
2256	6,
2257	27,47,
2258	47,
2259	22,31,45,47,
2260	3,19,21,23,30,49,
2261	22,
2262	12,30,36,37,
2263	17,
2264	9,17,
2265	21,
2266	30,
2267	5,10,25,
2268	2,
2269	1,34,
2270	0,4,19,23,26,28,
2271	5,26,35,46,
2272	11,16,24,39,
2273	4,
2274	34,38,
2275	0,23,
2276	47,
2277	14,31,49,
2278	40,
2279	27,
2280	37,
2281	2,4,
2282	0,14,19,37,38,
2283	2,22,29,
2284	17,29,
2285	29,
2286	18,29,39,
2287	10,
2288	7,17,19,37,38,46,
2289	36,37,
2290	20,
2291	6,44,
2292	1,8,19,
2293	24,42,
2294	13,
2295	28,
2296	12,28,43,
2297	13,27,30,34,45,
2298	11,27,
2299	26,
2300	14,45,
2301	0,31,47,
2302	9,20,38,
2303	0,
2304	23,43,
2305	23,25,
2306	10,
2307	22,49,
2308	12,25,
2309	0,17,
2310	0,5,31,
2311	49,
2312	4,34,36,
2313	3,
2314	26,42,
2315	43,
2316	19,16,
2317	43,
2318	2,
2319	24,26,47,
2320	14,
2321	8,43,
2322	2,3,30,
2323	8,
2324	34,
2325	5,
2326	3,5,26,31,
2327	46,
2328	20,29,37,44,
2329	11,22,35,39,
2330	11,
2331	2,36,
2332	23,
2333	14,36,
2334	3,
2335	11,16,
2336	13,14,24,49,
2337	5,13,16,
2338	1,22,49,
2339	12,24,
2340	20,21,
2341	29,
2342	11,15,21,32,40,
2343	24,27,36,49,
2344	27,41,
2345	3,22,23,35,
2346	49,
2347	0,1,5,9,24,
2348	15,18,28,
2349	11,18,
2350	27,48,
2351	23,33,42,
2352	12,
2353	5,
2354	22,
2355	18,27,13,
2356	2,4,20,40,45,
2357	8,28,45,
2358	31,
2359	19,45,49,
2360	4,
2361	5,
2362	8,10,17,48,
2363	0,2,11,
2364	1,5,15,35,41,
2365	8,26,29,35,43,47,
2366	38,
2367	33,48,
2368	47,
2369	21,28,29,
2370	29,34,38,45,
2371	39,
2372	6,11,
2373	21,25,
2374	10,34,44,
2375	17,26,31,
2376	19,40,
2377	37,44,48,
2378	6,28,
2379	11,30,
2380	45,
2381	23,
2382	4,12,26,31,
2383	23,27,
2384	9,
2385	19,
2386	21,
2387	1,13,
2388	24,35,
2389	0,13,30,38,
2390	36,49,
2391	5,25,42,
2392	24,36,39,46,
2393	41,43,49,
2394	31,33,
2395	24,35,
2396	16,19,26,35,
2397	5,11,22,
2398	31,
2399	0,4,9,15,41,
2400	40,
2401	3,28,
2402	4,12,16,23,
2403	15,25,
2404	40,
2405	45,
2406	6,
2407	28,41,
2408	2,8,24,38,
2409	23,27,
2410	27,49,
2411	21,28,43,
2412	23,
2413	5,21,34,45,
2414	14,43,17,
2415	30,
2416	28,
2417	8,30,40,
2418	37,
2419	46,16,
2420	35,44,
2421	45,48,
2422	0,13,22,43,44,49,
2423	0,1,6,
2424	7,37,
2425	14,33,37,
2426	32,45,
2427	0,
2428	21,
2429	15,19,
2430	11,
2431	29,
2432	14,21,47,
2433	13,17,28,29,46,
2434	39,
2435	36,12,25,
2436	43,49,
2437	44,
2438	42,18,
2439	4,
2440	9,46,
2441	11,45,
2442	28,38,47,
2443	14,49,
2444	14,38,
2445	14,26,49,
2446	0,
2447	2,46,32,
2448	35,48,
2449	25,48,
2450	6,35,
2451	10,14,34,48,
2452	30,36,45,
2453	3,49,
2454	18,43,
2455	42,
2456	4,31,
2457	4,17,29,
2458	8,37,
2459	35,41,45,
2460	2,5,21,
2461	34,
2462	27,
2463	17,
2464	1,22,
2465	28,43,
2466	2,8,12,47,
2467	1,17,
2468	11,33,36,
2469	29,
2470	22,30,
2471	8,
2472	9,49,
2473	22,26,34,47,
2474	30,
2475	9,35,41,46,
2476	44,
2477	3,18,
2478	27,45,48,
2479	20,
2480	32,47,
2481	20,
2482	34,
2483	22,29,34,43,
2484	28,
2485	22,29,39,46,
2486	38,
2487	25,
2488	29,34,36,
2489	21,42,
2490	30,
2491	11,32,
2492	10,23,40,47,
2493	27,
2494	3,20,39,
2495	24,33,37,
2496	2,17,
2497	10,27,45,
2498	6,15,
2499	10,
2500	6,13,28,
2501	4,25,
2502	17,36,37,
2503	5,22,
2504	16,44,
2505	9,24,28,
2506	2,41,
2507	17,
2508	24,27,30,
2509	30,37,45,
2510	11,18,
2511	13,26,
2512	31,
2513	8,19,36,41,
2514	3,43,
2515	12,19,20,44,
2516	7,16,49,
2517	11,30,45,
2518	38,
2519	10,34,
2520	1,
2521	27,
2522	5,
2523	3,11,
2524	48,
2525	20,42,43,
2526	16,26,42,
2527	14,25,26,35,48,
2528	21,27,33,
2529	1,9,12,41,48,
2530	19,36,
2531	35,38,
2532	15,45,
2533	4,23,31,
2534	10,
2535	24,
2536	12,
2537	4,
2538	4,
2539	45,
2540	0,31,2,
2541	5,47,
2542	0,
2543	14,36,41,
2544	49,
2545	37,
2546	39,
2547	8,6,36,
2548	17,
2549	48,
2550	39,
2551	10,14,15,20,
2552	18,36,
2553	30,41,
2554	25,31,44,49,
2555	28,
2556	1,36,47,
2557	29,
2558	21,39,
2559	19,32,
2560	39,47,
2561	25,26,30,
2562	17,36,24,
2563	4,9,30,43,
2564	28,36,
2565	13,22,
2566	13,24,
2567	31,34,37,41,45,
2568	12,21,44,
2569	3,33,39,41,
2570	37,23,20,
2571	27,
2572	37,41,
2573	18,22,26,39,
2574	10,
2575	1,
2576	5,18,22,27,
2577	40,17,
2578	10,15,36,
2579	20,24,
2580	22,42,47,
2581	0,16,27,
2582	26,38,
2583	40,
2584	11,42,43,47,
2585	4,
2586	7,
2587	6,
2588	6,23,32,
2589	18,
2590	13,16,
2591	22,
2592	11,32,34,38,
2593	2,
2594	5,31,
2595	25,27,
2596	30,
2597	7,14,16,34,
2598	44,
2599	16,23,43,
2600	36,
2601	37,
2602	13,30,31,37,
2603	12,23,38,45,
2604	39,48,
2605	18,28,45,
2606	6,10,16,22,32,
2607	1,20,35,46,
2608	0,42,
2609	28,
2610	0,2,40,46,49,
2611	29,46,2,
2612	4,31,
2613	10,
2614	7,21,24,
2615	43,
2616	31,
2617	31,6,22,
2618	28,
2619	37,38,
2620	15,
2621	10,11,
2622	30,
2623	27,40,48,
2624	3,
2625	13,20,21,25,46,
2626	30,
2627	0,2,16,26,30,45,
2628	25,16,14,
2629	2,17,
2630	12,
2631	20,
2632	29,
2633	23,49,
2634	7,13,32,
2635	24,43,46,
2636	0,8,20,23,25,30,41,
2637	0,7,
2638	8,10,
2639	29,32,
2640	4,30,40,45,
2641	16,
2642	28,34,
2643	2,11,26,30,37,
2644	30,
2645	7,14,19,
2646	3,34,35,39,
2647	7,30,48,49,
2648	44,6,48,
2649	45,34,0,
2650	38,47,
2651	15,47,
2652	38,
2653	27,
2654	4,6,12,26,28,
2655	27,0,40,
2656	7,
2657	1,13,23,29,30,36,
2658	0,7,
2659	28,31,42,45,
2660	7,
2661	34,
2662	18,
2663	42,
2664	28,34,43,48,
2665	3,9,20,39,40,
2666	8,
2667	10,13,14,
2668	14,45,3,
2669	18,22,
2670	7,11,14,
2671	30,49,
2672	11,
2673	16,18,
2674	38,
2675	6,26,30,33,46,49,
2676	20,
2677	30,
2678	29,
2679	7,36,43,
2680	1,
2681	27,
2682	22,38,
2683	19,21,40,
2684	14,41,
2685	0,8,14,18,26,27,49,
2686	25,40,
2687	0,12,
2688	0,7,28,
2689	7,10,
2690	45,
2691	46,
2692	13,23,
2693	16,23,25,28,
2694	2,24,32,34,36,
2695	33,
2696	12,
2697	6,30,
2698	12,27,47,
2699	26,
2700	3,
2701	39,44,
2702	6,
2703	4,35,
2704	16,29,42,
2705	44,
2706	26,45,
2707	26,27,32,41,
2708	4,
2709	25,49,
2710	0,6,8,9,18,
2711	3,30,39,48,
2712	18,37,
2713	1,9,
2714	45,32,26,
2715	0,35,42,
2716	5,14,15,21,26,31,40,
2717	26,42,43,
2718	18,23,46,
2719	4,
2720	33,
2721	3,4,16,18,43,
2722	4,13,22,29,45,
2723	40,
2724	47,
2725	2,32,
2726	20,36,
2727	30,49,
2728	32,8,45,
2729	7,49,
2730	43,24,18,
2731	4,18,47,
2732	32,
2733	41,
2734	14,36,
2735	0,
2736	1,28,32,
2737	7,11,17,20,
2738	0,
2739	16,
2740	46,49,
2741	9,46,
2742	18,37,
2743	31,41,0,
2744	0,21,22,34,
2745	26,44,
2746	28,
2747	14,41,
2748	22,26,43,
2749	43,
2750	40,
2751	40,
2752	45,
2753	38,
2754	8,11,22,
2755	2,11,24,25,
2756	8,38,46,
2757	41,
2758	28,19,
2759	19,
2760	44,6,
2761	0,7,47,
2762	9,12,46,48,
2763	38,
2764	4,11,
2765	9,36,
2766	20,
2767	22,33,47,
2768	33,42,
2769	20,23,31,
2770	20,33,
2771	8,
2772	49,
2773	23,
2774	7,22,
2775	24,23,45,
2776	2,
2777	17,1,19,
2778	7,10,41,
2779	35,31,
2780	30,22,24,
2781	48,36,
2782	18,20,23,46,47,
2783	5,
2784	26,35,
2785	4,33,46,
2786	13,35,44,
2787	13,
2788	4,30,34,
2789	11,
2790	9,26,41,
2791	5,15,18,41,
2792	26,28,41,
2793	3,
2794	0,13,23,28,47,
2795	23,29,46,
2796	18,23,40,
2797	19,37,
2798	3,39,
2799	16,42,
2800	7,19,45,
2801	17,18,45,
2802	12,20,28,
2803	29,
2804	26,
2805	7,22,
2806	6,42,
2807	30,32,
2808	15,19,39,43,
2809	4,22,
2810	4,18,21,
2811	7,16,18,43,
2812	7,17,
2813	23,
2814	26,37,
2815	21,
2816	40,
2817	3,11,
2818	8,43,
2819	1,
2820	19,36,
2821	1,2,4,22,25,
2822	6,10,13,16,
2823	19,26,
2824	12,
2825	8,13,43,
2826	7,47,
2827	20,44,
2828	4,35,
2829	15,
2830	16,27,39,41,
2831	12,
2832	27,47,
2833	1,
2834	29,35,
2835	9,25,29,
2836	24,27,38,
2837	21,35,
2838	2,
2839	41,
2840	47,
2841	40,49,
2842	38,
2843	3,22,40,
2844	1,3,7,46,
2845	12,16,30,45,
2846	14,24,27,41,
2847	21,
2848	22,36,
2849	5,
2850	11,
2851	13,20,30,
2852	18,25,
2853	35,
2854	30,5,20,
2855	16,14,
2856	14,
2857	0,31,35,40,44,
2858	37,46,49,
2859	44,
2860	3,22,35,
2861	39,43,48,
2862	6,22,
2863	11,16,46,
2864	47,
2865	2,37,41,
2866	34,36,46,
2867	29,
2868	4,13,41,
2869	33,36,48,
2870	29,49,
2871	33,39,
2872	41,40,21,
2873	10,26,
2874	14,18,
2875	10,17,44,
2876	2,3,18,40,
2877	2,
2878	17,
2879	28,
2880	2,
2881	1,36,41,
2882	1,15,16,
2883	21,
2884	32,33,
2885	39,34,29,
2886	13,
2887	6,
2888	29,37,
2889	16,20,30,
2890	8,24,26,38,
2891	23,48,
2892	28,35,40,
2893	6,12,
2894	1,7,
2895	13,
2896	0,26,34,35,
2897	35,14,
2898	35,
2899	33,
2900	9,28,
2901	0,
2902	15,
2903	1,46,13,
2904	13,
2905	23,36,38,41,
2906	27,28,44,
2907	1,17,47,
2908	21,28,
2909	37,
2910	14,
2911	16,
2912	10,16,
2913	24,19,0,
2914	47,
2915	1,9,
2916	24,
2917	4,32,
2918	13,21,46,
2919	46,48,22,
2920	9,
2921	41,8,
2922	0,5,26,
2923	3,5,48,
2924	23,
2925	16,
2926	4,
2927	30,20,
2928	0,28,9,
2929	20,49,
2930	7,23,49,
2931	6,12,20,37,
2932	16,17,
2933	39,29,17,
2934	13,
2935	2,7,27,37,43,
2936	4,16,20,23,33,40,48,
2937	1,47,
2938	8,18,26,36,
2939	6,28,
2940	27,36,12,
2941	17,30,
2942	0,12,17,
2943	17,23,32,
2944	13,49,24,
2945	31,
2946	17,37,38,40,
2947	16,32,
2948	29,30,39,48,
2949	10,12,35,48,
2950	12,42,38,
2951	34,35,
2952	13,
2953	46,30,6,
2954	24,
2955	3,15,41,
2956	15,19,
2957	5,35,
2958	0,7,
2959	34,
2960	32,
2961	14,47,48,
2962	4,10,15,45,47,
2963	19,33,
2964	32,40,46,
2965	37,41,
2966	7,43,
2967	13,26,41,43,
2968	12,
2969	0,21,
2970	22,
2971	0,17,
2972	0,6,16,29,43,
2973	2,13,15,37,
2974	31,
2975	23,
2976	11,31,
2977	29,46,
2978	48,
2979	32,
2980	2,41,47,
2981	1,6,10,34,36,39,
2982	10,37,27,
2983	11,26,
2984	6,
2985	26,
2986	40,19,
2987	26,42,8,
2988	32,40,
2989	2,15,16,24,
2990	22,23,
2991	1,13,14,16,35,
2992	28,
2993	20,49,
2994	13,35,40,
2995	11,39,
2996	10,16,28,38,49,
2997	2,4,
2998	0,
2999	8,9,
3000	1,39,
3001	13,35,34,
3002	36,18,
3003	10,11,18,
3004	19,45,
3005	9,15,
3006	6,9,28,35,39,44,45,
3007	2,28,
3008	29,41,
3009	11,15,18,23,24,
3010	8,
3011	0,3,16,38,45,47,
3012	7,
3013	5,10,28,36,48,
3014	2,42,48,
3015	2,
3016	1,18,24,
3017	0,38,
3018	28,
3019	26,
3020	6,
3021	10,18,
3022	14,38,
3023	22,32,
3024	4,11,15,46,
3025	18,36,
3026	12,19,48,
3027	9,27,40,
3028	34,37,
3029	11,
3030	9,28,35,
3031	5,17,19,
3032	34,41,47,
3033	29,
3034	36,
3035	11,33,41,42,44,
3036	3,5,
3037	19,38,43,
3038	3,
3039	41,
3040	38,
3041	0,47,
3042	4,27,
3043	31,39,17,
3044	15,49,
3045	5,
3046	9,33,
3047	7,21,40,43,
3048	4,10,48,
3049	28,29,32,
3050	12,39,
3051	8,9,23,
3052	9,32,
3053	47,
3054	19,21,43,
3055	4,37,
3056	4,8,
3057	26,
3058	48,
3059	20,29,
3060	19,
3061	11,38,
3062	33,38,
3063	34,
3064	13,17,9,
3065	24,
3066	31,
3067	21,
3068	29,2,22,
3069	2,3,6,
3070	8,45,
3071	19,
3072	7,23,
3073	33,48,
3074	9,37,
3075	28,
3076	35,47,
3077	26,
3078	3,32,
3079	16,45,
3080	37,39,40,
3081	8,11,12,
3082	25,
3083	0,18,
3084	14,45,40,
3085	22,
3086	2,13,17,20,40,
3087	12,24,27,41,42,
3088	11,30,36,
3089	45,
3090	15,39,
3091	6,23,
3092	13,
3093	25,17,
3094	14,32,42,43,
3095	3,36,43,
3096	4,16,36,
3097	11,45,49,
3098	14,27,
3099	1,49,
3100	35,44,
3101	28,35,
3102	6,7,11,16,
3103	2,47,
3104	29,31,37,
3105	5,48,
3106	13,
3107	5,16,49,
3108	7,15,39,
3109	12,17,
3110	3,4,
3111	23,20,48,
3112	0,
3113	0,26,
3114	10,27,31,35,
3115	2,14,37,39,
3116	7,31,
3117	1,9,34,
3118	39,
3119	12,45,47,49,
3120	6,49,
3121	9,16,24,25,43,
3122	20,
3123	31,
3124	13,30,36,47,
3125	29,34,43,
3126	39,
3127	13,22,40,
3128	33,
3129	0,11,
3130	14,18,31,
3131	3,8,14,36,
3132	1,2,
3133	4,
3134	39,42,
3135	28,42,
3136	22,49,
3137	25,31,
3138	2,26,37,40,
3139	24,38,
3140	0,2,
3141	32,41,
3142	21,37,
3143	24,49,
3144	13,20,25,
3145	1,17,41,43,
3146	3,4,26,45,
3147	36,38,43,
3148	23,46,
3149	0,
3150	43,
3151	3,27,43,
3152	47,10,48,
3153	10,30,43,
3154	11,16,41,
3155	4,28,
3156	37,
3157	36,
3158	2,14,17,35,36,
3159	24,27,45,
3160	18,34,40,46,
3161	11,
3162	6,17,27,48,
3163	46,33,
3164	4,8,27,
3165	30,
3166	43,
3167	3,
3168	7,8,20,32,36,43,
3169	11,17,
3170	38,
3171	8,9,1,
3172	23,
3173	16,29,
3174	4,15,21,
3175	8,
3176	18,
3177	22,
3178	0,
3179	43,
3180	26,
3181	12,
3182	34,
3183	44,
3184	1,16,23,37,39,41,
3185	21,47,
3186	25,45,47,
3187	1,29,
3188	0,27,
3189	33,
3190	40,
3191	7,
3192	4,27,
3193	25,
3194	40,41,49,
3195	10,15,34,
3196	8,20,22,27,
3197	21,
3198	18,23,31,
3199	18,22,27,30,39,44,
3200	40,16,32,
3201	3,6,10,
3202	26,
3203	15,22,
3204	41,44,
3205	36,
3206	32,
3207	0,
3208	40,49,
3209	16,
3210	13,46,
3211	15,22,
3212	14,26,
3213	18,
3214	25,
3215	4,36,39,47,49,
3216	29,
3217	22,24,26,
3218	1,6,41,
3219	13,40,
3220	15,46,
3221	18,
3222	35,
3223	25,36,
3224	27,30,
3225	28,47,
3226	34,
3227	9,43,49,
3228	48,
3229	0,13,22,25,
3230	2,30,31,
3231	15,
3232	30,
3233	3,
3234	32,
3235	44,
3236	42,46,
3237	6,9,12,14,37,
3238	20,31,48,
3239	33,
3240	7,25,29,32,
3241	10,8,49,
3242	12,28,36,
3243	25,
3244	44,
3245	9,20,
3246	34,44,48,
3247	9,14,22,39,
3248	12,
3249	5,37,
3250	2,19,28,36,
3251	7,23,
3252	14,18,27,36,42,
3253	23,
3254	4,23,
3255	6,15,32,
3256	8,17,49,
3257	3,21,33,
3258	34,44,
3259	44,
3260	23,
3261	8,43,
3262	6,
3263	30,34,
3264	7,
3265	15,21,40,
3266	10,22,
3267	17,34,39,
3268	3,20,
3269	1,28,
3270	19,
3271	7,27,35,
3272	2,3,9,39,46,
3273	35,36,
3274	41,
3275	11,
3276	15,37,45,48,
3277	35,
3278	12,21,
3279	12,15,31,
3280	2,
3281	6,27,
3282	3,12,27,36,
3283	18,
3284	10,17,19,43,
3285	49,
3286	3,16,45,
3287	0,6,36,
3288	8,17,
3289	39,40,
3290	21,
3291	42,16,
3292	9,48,
3293	4,22,
3294	18,25,35,
3295	22,39,
3296	2,25,
3297	11,12,37,45,47,
3298	21,29,
3299	8,21,33,
3300	13,18,20,27,
3301	28,
3302	27,37,
3303	12,43,
3304	18,48,
3305	17,
3306	16,
3307	48,
3308	11,34,45,
3309	46,
3310	23,36,
3311	3,27,
3312	27,28,
3313	8,2,
3314	19,22,34,
3315	0,30,
3316	14,25,29,
3317	6,9,17,44,
3318	32,
3319	6,8,
3320	7,18,20,22,
3321	10,15,
3322	8,
3323	2,36,
3324	27,47,
3325	22,26,33,
3326	6,
3327	18,
3328	0,27,35,47,
3329	10,43,
3330	13,
3331	14,17,
3332	34,36,49,
3333	4,26,39,
3334	20,
3335	1,13,
3336	28,5,26,
3337	22,
3338	27,
3339	41,
3340	6,34,
3341	5,
3342	21,
3343	10,11,40,45,46,
3344	26,
3345	1,
3346	7,40,
3347	21,36,
3348	2,
3349	28,30,35,38,
3350	3,6,46,
3351	35,
3352	48,20,
3353	29,36,
3354	16,29,
3355	13,27,31,36,
3356	40,
3357	16,
3358	2,28,
3359	2,30,
3360	30,32,
3361	1,38,39,
3362	43,44,
3363	11,
3364	3,6,
3365	25,
3366	10,28,38,
3367	0,
3368	4,9,20,24,
3369	2,25,29,42,
3370	8,14,36,
3371	20,30,43,
3372	7,8,
3373	19,
3374	0,37,
3375	3,11,37,
3376	2,
3377	7,
3378	25,34,18,
3379	24,32,27,
3380	15,
3381	28,
3382	15,
3383	17,38,24,
3384	9,
3385	13,
3386	4,
3387	44,
3388	35,39,
3389	37,30,
3390	33,44,
3391	4,15,34,48,
3392	11,16,49,
3393	7,23,37,
3394	0,26,28,39,40,
3395	21,40,
3396	23,35,
3397	23,38,
3398	43,32,
3399	6,25,33,40,
3400	20,36,
3401	12,25,29,44,49,
3402	8,
3403	16,
3404	1,3,24,
3405	6,11,22,35,48,
3406	22,21,
3407	22,
3408	4,18,
3409	6,0,
3410	11,35,
3411	0,
3412	19,18,
3413	4,
3414	35,
3415	1,2,4,8,33,40,
3416	1,6,21,28,36,39,
3417	10,44,
3418	15,39,44,
3419	11,6,43,
3420	13,26,29,37,39,
3421	1,4,12,
3422	16,27,
3423	20,
3424	14,29,27,
3425	4,42,
3426	6,8,29,
3427	9,13,40,
3428	23,37,
3429	44,
3430	7,14,
3431	12,32,
3432	17,43,
3433	8,13,16,23,34,
3434	13,
3435	26,31,
3436	22,
3437	21,40,47,
3438	16,20,24,29,40,
3439	2,19,
3440	17,21,
3441	13,20,27,
3442	23,24,30,
3443	38,
3444	3,40,
3445	21,
3446	26,41,
3447	0,8,
3448	35,37,13,
3449	29,37,44,
3450	12,20,25,
3451	29,3,
3452	11,
3453	36,
3454	0,2,22,26,43,44,
3455	7,8,43,
3456	24,
3457	25,45,
3458	6,16,30,32,48,
3459	30,31,35,38,40,
3460	6,
3461	11,16,22,
3462	30,
3463	34,33,
3464	5,
3465	3,
3466	3,
3467	3,
3468	17,
3469	2,37,
3470	49,
3471	3,9,32,40,
3472	2,
3473	28,
3474	6,10,32,
3475	12,
3476	28,31,
3477	11,35,
3478	35,40,
3479	44,47,
3480	2,20,
3481	11,27,21,
3482	40,
3483	0,6,30,
3484	2,35,39,
3485	2,40,
3486	0,26,
3487	1,2,30,49,
3488	5,17,30,34,45,
3489	5,8,49,
3490	47,
3491	33,
3492	19,31,36,39,
3493	38,
3494	3,8,27,
3495	12,48,
3496	38,45,
3497	32,
3498	5,
3499	35,0,30,
3500	6,39,
3501	24,
3502	20,21,44,
3503	28,
3504	3,29,30,
3505	19,
3506	15,20,
3507	6,27,38,
3508	10,26,
3509	15,
3510	9,
3511	10,15,38,
3512	26,
3513	1,27,41,
3514	20,24,
3515	24,40,
3516	1,39,
3517	28,
3518	3,15,26,39,
3519	3,14,
3520	19,23,35,
3521	44,
3522	3,7,35,
3523	7,15,
3524	41,46,
3525	13,47,
3526	30,38,45,
3527	0,14,18,31,
3528	21,41,48,
3529	4,
3530	37,39,
3531	34,21,48,
3532	7,29,30,
3533	31,
3534	23,37,
3535	8,13,30,
3536	3,17,41,
3537	35,
3538	7,
3539	9,36,41,
3540	41,45,
3541	23,31,46,
3542	14,39,
3543	5,49,
3544	36,27,
3545	21,25,47,
3546	42,
3547	25,30,43,48,
3548	0,
3549	20,
3550	39,20,7,
3551	30,36,49,
3552	12,45,0,
3553	32,
3554	32,
3555	9,18,24,
3556	24,
3557	13,23,
3558	43,23,32,
3559	34,
3560	18,25,29,
3561	36,38,
3562	15,
3563	22,1,13,
3564	9,43,
3565	25,31,32,
3566	37,38,41,46,
3567	11,
3568	23,33,
3569	10,22,34,48,
3570	14,19,22,47,
3571	38,
3572	15,
3573	0,24,
3574	5,
3575	0,39,47,
3576	0,3,9,
3577	18,
3578	4,19,
3579	4,5,
3580	27,
3581	43,
3582	5,16,27,29,
3583	24,
3584	12,23,28,
3585	0,13,20,24,
3586	13,23,
3587	4,21,26,
3588	23,25,
3589	12,44,
3590	4,24,39,49,
3591	19,20,
3592	2,14,21,
3593	2,15,39,
3594	1,32,43,
3595	13,34,43,
3596	6,47,
3597	3,18,20,39,
3598	35,
3599	4,33,43,
3600	19,20,
3601	37,
3602	7,26,37,
3603	39,
3604	5,26,39,
3605	1,
3606	30,47,
3607	0,26,7,
3608	21,39,
3609	25,33,35,
3610	16,27,35,49,
3611	0,27,38,
3612	39,
3613	39,
3614	8,49,
3615	20,22,
3616	14,22,49,
3617	0,20,27,
3618	45,
3619	20,25,18,
3620	24,39,
3621	26,42,
3622	2,37,
3623	2,49,
3624	0,
3625	7,33,
3626	2,6,24,
3627	23,5,
3628	12,20,24,
3629	7,
3630	30,
3631	9,
3632	6,
3633	13,1,6,
3634	34,
3635	14,22,24,25,29,49,
3636	11,
3637	16,24,47,
3638	22,
3639	8,27,39,
3640	27,
3641	24,47,
3642	10,
3643	18,23,
3644	17,22,27,38,
3645	18,34,
3646	24,48,
3647	49,
3648	44,
3649	0,
3650	36,42,
3651	10,35,40,
3652	16,
3653	1,4,34,42,
3654	47,
3655	39,8,47,
3656	6,
3657	0,15,46,
3658	3,36,
3659	0,
3660	3,1,
3661	23,49,
3662	2,4,7,
3663	41,
3664	11,19,20,
3665	48,
3666	20,
3667	28,46,
3668	46,7,20,
3669	13,21,40,
3670	40,43,
3671	0,47,
3672	20,
3673	4,40,
3674	36,
3675	3,29,40,
3676	6,9,12,
3677	16,31,33,47,
3678	6,42,47,
3679	26,35,
3680	0,47,
3681	9,25,
3682	0,6,13,
3683	6,8,31,
3684	5,
3685	3,9,19,
3686	45,
3687	14,25,31,
3688	23,39,
3689	24,
3690	9,27,
3691	41,48,
3692	7,12,
3693	47,
3694	29,34,43,
3695	20,36,
3696	2,37,
3697	26,
3698	29,44,4,
3699	22,23,24,25,31,
3700	6,26,38,
3701	24,45,49,
3702	11,46,
3703	11,17,
3704	11,
3705	1,41,47,
3706	36,
3707	25,
3708	4,36,44,49,
3709	0,36,
3710	3,6,
3711	11,15,37,
3712	24,
3713	29,35,
3714	11,31,49,
3715	6,21,35,
3716	4,
3717	40,
3718	8,19,36,
3719	46,
3720	20,47,
3721	6,39,45,
3722	22,16,
3723	24,41,46,
3724	21,
3725	5,
3726	14,16,34,49,
3727	13,36,
3728	6,32,
3729	41,
3730	43,23,
3731	27,
3732	2,5,26,44,
3733	41,
3734	1,2,9,
3735	10,17,37,
3736	14,15,
3737	30,
3738	29,11,25,
3739	39,
3740	7,13,
3741	7,42,
3742	5,37,
3743	4,11,12,
3744	5,26,33,
3745	4,3,
3746	0,32,
3747	39,
3748	2,24,25,
3749	37,
3750	17,
3751	0,16,17,21,24,48,
3752	3,28,29,48,
3753	3,23,37,
3754	3,9,41,
3755	10,13,
3756	26,34,
3757	3,13,37,
3758	22,27,
3759	34,
3760	49,45,
3761	43,
3762	34,39,
3763	18,43,46,
3764	44,45,
3765	19,
3766	16,37,
3767	2,12,
3768	11,14,26,30,49,
3769	17,27,46,
3770	12,39,48,
3771	4,3,
3772	30,
3773	12,29,
3774	10,26,29,45,
3775	36,
3776	6,42,
3777	24,32,9,
3778	26,
3779	0,6,9,18,
3780	48,
3781	41,
3782	27,41,
3783	19,32,44,
3784	4,
3785	12,36,
3786	4,26,
3787	14,25,28,
3788	29,
3789	35,
3790	42,26,14,
3791	43,
3792	24,38,39,
3793	38,
3794	9,47,
3795	11,28,29,35,39,
3796	22,23,36,
3797	1,
3798	2,
3799	34,
3800	32,33,36,
3801	15,34,
3802	30,
3803	39,
3804	19,26,38,45,
3805	0,1,17,27,
3806	6,
3807	3,40,44,49,
3808	9,11,12,
3809	3,23,
3810	35,
3811	14,38,
3812	1,10,13,23,34,
3813	31,
3814	30,31,
3815	1,14,35,36,
3816	22,26,
3817	27,
3818	42,48,
3819	31,
3820	31,13,
3821	6,
3822	47,
3823	36,
3824	38,
3825	3,4,45,
3826	23,41,
3827	11,
3828	20,
3829	23,
3830	23,
3831	6,8,34,45,
3832	26,29,49,
3833	12,34,
3834	20,26,
3835	10,40,
3836	28,
3837	29,32,39,
3838	6,14,
3839	17,1,34,
3840	15,13,36,
3841	12,28,
3842	17,25,30,34,
3843	6,7,35,36,
3844	7,47,
3845	1,20,
3846	1,13,23,27,
3847	26,44,
3848	0,4,20,
3849	43,48,
3850	17,41,
3851	4,26,
3852	24,29,
3853	24,27,29,32,
3854	42,
3855	31,
3856	7,3,44,
3857	49,
3858	11,23,48,
3859	32,
3860	39,
3861	25,
3862	9,11,
3863	11,49,
3864	13,33,
3865	43,
3866	17,12,
3867	1,30,28,
3868	10,31,47,
3869	19,
3870	23,24,
3871	14,
3872	8,21,38,48,
3873	2,42,
3874	26,30,
3875	15,
3876	45,
3877	37,
3878	3,26,11,
3879	4,19,
3880	10,
3881	28,42,
3882	19,
3883	19,25,
3884	5,18,47,
3885	33,26,
3886	1,14,21,41,
3887	13,49,
3888	1,30,
3889	17,40,47,
3890	27,49,
3891	28,
3892	42,48,
3893	6,9,22,26,
3894	18,39,
3895	18,
3896	28,
3897	36,
3898	6,13,17,28,
3899	13,33,41,
3900	19,
3901	13,26,
3902	3,6,
3903	22,28,
3904	0,1,14,
3905	44,
3906	33,
3907	1,
3908	20,23,27,35,48,
3909	10,
3910	12,16,49,
3911	26,47,
3912	24,45,
3913	10,
3914	0,
3915	17,
3916	11,39,41,
3917	0,36,
3918	7,9,25,26,44,
3919	10,38,42,
3920	40,
3921	34,43,
3922	0,49,
3923	36,
3924	43,
3925	2,37,
3926	4,33,39,43,
3927	1,3,8,9,39,
3928	2,9,44,47,
3929	5,
3930	10,41,47,
3931	10,22,40,
3932	27,33,
3933	21,22,29,
3934	40,
3935	0,22,25,35,
3936	15,13,
3937	12,
3938	44,
3939	39,
3940	15,26,27,33,36,41,42,
3941	8,
3942	12,
3943	31,
3944	27,
3945	34,
3946	24,26,36,
3947	4,36,43,47,
3948	43,49,
3949	4,33,34,43,
3950	5,35,36,47,
3951	16,
3952	25,40,45,
3953	35,47,
3954	0,28,43,
3955	3,19,
3956	35,
3957	29,33,39,
3958	12,31,49,
3959	12,
3960	6,29,
3961	8,
3962	9,17,
3963	49,25,7,
3964	8,23,41,
3965	31,
3966	2,3,
3967	23,
3968	17,
3969	23,39,42,
3970	10,20,
3971	28,39,
3972	13,
3973	28,41,46,
3974	43,9,46,
3975	1,13,43,48,
3976	0,21,35,
3977	2,49,
3978	4,6,13,21,24,27,
3979	2,21,39,
3980	39,
3981	27,32,34,43,
3982	1,39,
3983	10,48,
3984	0,2,27,30,
3985	18,41,
3986	6,29,31,37,46,
3987	0,
3988	6,34,
3989	2,3,9,23,32,36,
3990	19,23,45,
3991	30,
3992	1,
3993	12,46,
3994	33,40,
3995	20,28,
3996	0,41,12,
3997	1,
3998	21,29,32,45,
3999	17,35,
4000	25,36,43,48,
4001	7,10,
4002	22,
4003	9,
4004	2,35,39,43,45,
4005	1,18,
4006	28,46,
4007	18,30,35,
4008	12,
4009	29,
4010	1,25,
4011	2,3,36,
4012	2,19,
4013	23,48,
4014	36,48,
4015	20,14,
4016	11,19,33,
4017	14,
4018	24,37,
4019	31,37,
4020	41,
4021	3,19,35,
4022	19,11,
4023	3,16,23,
4024	30,42,
4025	8,13,
4026	44,
4027	2,
4028	35,
4029	18,24,43,
4030	21,
4031	25,
4032	22,24,35,
4033	35,
4034	36,10,
4035	23,36,42,
4036	13,38,
4037	0,11,44,
4038	32,15,
4039	35,44,
4040	10,29,40,
4041	36,38,
4042	39,
4043	12,
4044	27,
4045	31,
4046	8,48,
4047	17,39,
4048	15,
4049	4,18,20,35,40,41,
4050	13,
4051	33,
4052	32,41,
4053	1,27,43,
4054	31,39,
4055	20,23,43,
4056	18,
4057	16,
4058	12,26,40,49,
4059	28,
4060	5,46,
4061	45,
4062	26,35,36,
4063	15,
4064	28,
4065	11,28,
4066	1,5,43,
4067	6,
4068	32,
4069	36,
4070	44,47,
4071	7,
4072	17,23,
4073	11,24,
4074	36,
4075	27,29,
4076	20,23,
4077	2,40,44,
4078	22,
4079	3,16,
4080	12,
4081	27,37,47,
4082	8,12,18,41,
4083	22,29,
4084	8,21,
4085	0,29,
4086	27,47,
4087	7,32,
4088	22,38,
4089	18,26,39,
4090	27,43,
4091	4,31,40,42,43,
4092	10,22,
4093	36,44,46,
4094	1,14,
4095	6,10,36,
4096	15,32,33,
4097	36,
4098	8,
4099	23,44,
4100	8,18,28,33,
4101	33,
4102	17,41,43,44,
4103	24,37,
4104	13,37,39,43,45,48,
4105	19,20,38,40,
4106	2,39,
4107	3,6,22,
4108	35,
4109	4,8,37,
4110	47,45,
4111	48,
4112	3,15,
4113	25,
4114	8,20,24,39,
4115	2,40,
4116	1,17,24,32,34,41,48,
4117	15,16,31,48,
4118	26,
4119	30,
4120	16,
4121	4,29,
4122	38,
4123	37,
4124	8,42,
4125	40,44,
4126	29,
4127	24,30,31,
4128	17,2,
4129	0,
4130	13,47,
4131	14,16,18,34,
4132	14,16,
4133	30,41,42,
4134	37,
4135	36,
4136	27,6,14,
4137	17,41,
4138	0,8,36,
4139	3,13,33,47,
4140	3,29,49,
4141	41,47,
4142	8,
4143	10,26,34,43,44,47,49,
4144	9,
4145	32,
4146	24,26,36,39,
4147	48,
4148	27,30,41,
4149	11,39,
4150	2,
4151	14,6,
4152	11,34,47,
4153	2,29,36,
4154	9,38,7,
4155	49,
4156	22,24,45,
4157	22,
4158	21,28,37,
4159	10,27,37,
4160	3,11,26,48,
4161	2,24,36,45,
4162	19,43,
4163	2,21,27,36,
4164	40,
4165	10,
4166	13,45,
4167	5,
4168	4,34,47,
4169	36,
4170	12,
4171	14,16,31,36,
4172	4,49,
4173	3,8,15,21,36,43,
4174	34,
4175	11,28,33,40,
4176	2,
4177	5,10,33,
4178	16,
4179	5,24,33,
4180	40,48,
4181	4,17,
4182	9,14,47,
4183	30,
4184	29,45,
4185	11,
4186	29,41,
4187	12,24,
4188	33,35,
4189	16,
4190	33,48,
4191	18,23,26,32,43,
4192	36,40,42,
4193	35,
4194	17,33,
4195	49,
4196	26,38,
4197	1,11,31,
4198	16,
4199	15,16,38,41,
4200	14,37,
4201	49,
4202	45,
4203	20,23,
4204	18,40,
4205	4,45,26,
4206	26,19,29,
4207	48,49,
4208	48,15,
4209	3,31,39,
4210	9,
4211	4,11,20,25,28,34,
4212	8,18,
4213	31,13,
4214	30,40,
4215	41,16,42,
4216	11,25,40,
4217	22,39,40,47,48,
4218	1,23,
4219	37,27,34,
4220	35,9,
4221	3,
4222	27,
4223	11,34,37,
4224	28,41,
4225	5,6,7,
4226	48,
4227	3,16,19,22,34,47,
4228	14,17,
4229	3,13,20,43,
4230	17,
4231	0,1,17,
4232	36,
4233	45,
4234	27,42,
4235	18,43,
4236	3,26,49,
4237	0,9,14,
4238	0,
4239	17,34,
4240	29,37,
4241	23,
4242	5,10,11,34,43,48,
4243	1,3,37,
4244	0,
4245	34,
4246	23,40,
4247	26,40,
4248	10,45,49,
4249	11,43,
4250	23,32,36,
4251	21,
4252	0,26,29,46,
4253	38,
4254	37,
4255	47,6,
4256	1,7,9,12,
4257	18,26,34,
4258	33,
4259	23,31,43,
4260	7,39,
4261	2,5,34,37,
4262	29,12,2,
4263	29,
4264	10,39,42,
4265	23,27,31,
4266	12,33,34,
4267	40,
4268	31,37,
4269	1,28,42,
4270	3,29,31,32,
4271	4,28,
4272	34,41,
4273	32,
4274	38,42,
4275	6,
4276	7,17,18,
4277	11,26,35,
4278	17,43,
4279	32,
4280	3,17,45,
4281	20,42,
4282	34,48,49,
4283	21,36,
4284	10,25,30,
4285	25,39,
4286	5,42,
4287	6,11,
4288	24,
4289	49,
4290	12,33,46,
4291	28,35,49,
4292	22,
4293	24,
4294	8,20,29,
4295	1,9,
4296	42,13,
4297	9,20,
4298	8,14,18,
4299	18,
4300	11,46,49,
4301	6,43,
4302	10,
4303	30,
4304	21,28,
4305	43,
4306	24,38,
4307	4,
4308	22,39,48,49,
4309	36,
4310	14,37,
4311	3,10,19,
4312	15,21,44,
4313	21,1,
4314	12,
4315	8,46,
4316	13,30,
4317	28,41,
4318	11,14,18,22,
4319	11,17,
4320	31,38,44,
4321	16,
4322	47,
4323	0,8,9,14,
4324	4,36,
4325	19,25,41,
4326	8,35,
4327	32,33,
4328	29,
4329	11,16,
4330	27,28,34,
4331	28,32,41,
4332	22,
4333	2,24,
4334	26,
4335	29,
4336	15,33,47,
4337	10,31,
4338	0,31,35,
4339	1,27,
4340	35,36,41,
4341	10,12,41,
4342	24,31,
4343	4,6,7,21,
4344	23,44,
4345	3,30,
4346	39,
4347	17,41,
4348	37,39,
4349	8,11,17,26,31,44,
4350	37,42,
4351	30,
4352	14,20,22,42,
4353	10,14,46,
4354	21,29,36,39,
4355	29,
4356	19,48,
4357	2,8,10,
4358	48,22,19,
4359	42,
4360	22,45,47,
4361	46,
4362	3,44,
4363	22,24,29,
4364	11,22,
4365	22,47,
4366	24,25,31,
4367	8,9,14,20,28,31,
4368	38,
4369	36,0,
4370	3,
4371	43,
4372	10,16,47,48,
4373	44,
4374	49,
4375	6,
4376	20,
4377	18,39,
4378	29,32,
4379	32,21,
4380	11,
4381	38,40,
4382	28,46,49,
4383	20,22,49,
4384	36,23,16,
4385	27,
4386	2,13,40,
4387	10,34,
4388	20,
4389	5,16,48,
4390	0,20,25,27,29,39,
4391	39,
4392	21,43,
4393	4,43,
4394	38,42,
4395	16,28,
4396	8,
4397	43,48,
4398	16,42,49,
4399	30,49,
4400	40,45,
4401	10,
4402	45,
4403	4,11,27,37,
4404	13,16,
4405	2,
4406	16,
4407	20,40,
4408	40,16,
4409	17,25,
4410	34,49,
4411	6,9,13,24,26,
4412	1,
4413	0,40,
4414	21,
4415	36,
4416	48,
4417	20,
4418	0,38,
4419	21,
4420	46,
4421	34,
4422	3,26,28,
4423	13,
4424	42,26,3,
4425	13,30,
4426	47,
4427	0,18,46,
4428	21,
4429	9,
4430	37,
4431	0,35,
4432	0,16,
4433	18,
4434	3,34,
4435	6,7,
4436	22,26,38,
4437	34,
4438	3,26,44,
4439	3,41,
4440	36,
4441	14,
4442	38,16,
4443	49,
4444	46,9,38,
4445	24,25,32,
4446	37,39,
4447	15,38,
4448	17,29,
4449	20,24,
4450	29,39,
4451	27,42,38,
4452	4,8,10,
4453	25,41,45,
4454	6,7,
4455	13,21,31,
4456	9,18,
4457	13,49,
4458	44,
4459	23,30,16,
4460	38,17,
4461	18,
4462	5,
4463	16,47,
4464	1,28,41,
4465	33,43,
4466	24,26,45,
4467	32,35,43,
4468	10,12,23,49,
4469	12,14,38,
4470	29,31,
4471	10,12,17,29,39,
4472	4,27,45,
4473	6,24,30,
4474	39,
4475	16,46,
4476	15,21,33,
4477	13,20,37,
4478	37,
4479	12,35,41,43,
4480	21,
4481	24,25,32,
4482	31,35,23,
4483	0,
4484	11,12,21,
4485	17,18,
4486	32,40,
4487	13,4,
4488	17,
4489	22,
4490	4,6,30,
4491	34,30,
4492	39,
4493	2,
4494	23,
4495	40,
4496	6,
4497	33,45,
4498	1,27,
4499	8,11,39,
4500	2,3,8,23,
4501	35,37,42,
4502	45,39,
4503	13,33,39,
4504	19,
4505	20,26,
4506	0,27,
4507	5,19,36,37,39,
4508	22,
4509	26,
4510	36,
4511	19,48,
4512	0,33,
4513	21,23,
4514	9,40,29,
4515	38,
4516	42,46,
4517	9,
4518	44,
4519	47,
4520	23,35,37,
4521	22,27,40,
4522	3,37,40,
4523	14,32,
4524	6,7,23,40,
4525	10,16,44,
4526	31,
4527	22,
4528	29,
4529	21,
4530	41,34,47,
4531	49,
4532	10,40,
4533	18,
4534	31,
4535	48,
4536	38,
4537	2,15,40,48,
4538	29,
4539	17,45,
4540	3,13,
4541	27,
4542	15,30,
4543	0,20,
4544	3,5,36,
4545	0,
4546	25,31,
4547	8,12,40,46,
4548	44,
4549	18,
4550	18,
4551	31,
4552	12,20,
4553	12,
4554	0,9,23,26,29,32,
4555	0,27,28,
4556	44,
4557	4,5,47,
4558	12,
4559	5,16,22,44,
4560	28,43,1,
4561	24,
4562	24,32,34,37,
4563	13,20,35,39,
4564	49,
4565	33,40,
4566	36,
4567	21,34,
4568	8,22,26,28,40,
4569	12,
4570	18,
4571	22,23,
4572	10,23,26,
4573	11,25,
4574	2,8,38,
4575	3,39,
4576	5,49,
4577	0,
4578	4,6,12,24,49,
4579	1,
4580	5,
4581	15,16,
4582	4,43,
4583	2,37,
4584	22,26,
4585	26,
4586	21,
4587	10,
4588	3,42,
4589	16,34,41,49,
4590	43,
4591	24,26,27,33,41,
4592	14,34,
4593	0,
4594	1,18,19,21,28,40,
4595	1,32,
4596	34,40,41,42,
4597	19,
4598	40,44,
4599	13,14,22,
4600	40,
4601	23,43,45,
4602	7,
4603	5,29,
4604	25,37,
4605	11,
4606	38,
4607	20,22,
4608	10,20,39,
4609	31,
4610	28,47,
4611	7,23,36,37,
4612	7,5,30,
4613	45,39,
4614	8,40,
4615	40,46,
4616	24,
4617	28,32,
4618	9,12,16,
4619	23,36,
4620	7,9,16,42,
4621	13,43,
4622	10,36,46,
4623	22,42,
4624	29,
4625	42,5,35,
4626	33,32,12,
4627	34,35,
4628	40,
4629	12,28,
4630	7,17,46,
4631	35,31,37,
4632	6,21,
4633	6,35,19,
4634	31,
4635	38,
4636	17,
4637	15,
4638	34,
4639	3,18,35,
4640	44,
4641	2,6,17,39,43,48,
4642	18,
4643	4,47,
4644	29,
4645	11,13,28,41,45,47,
4646	34,
4647	14,
4648	19,48,
4649	49,
4650	1,25,
4651	13,14,
4652	11,31,42,
4653	2,3,34,
4654	25,31,39,40,42,47,
4655	3,6,14,18,22,40,46,
4656	1,21,22,
4657	2,40,
4658	37,34,6,
4659	39,
4660	0,20,35,40,
4661	16,49,11,
4662	11,49,
4663	11,24,
4664	29,37,
4665	21,22,23,
4666	17,
4667	13,20,21,28,
4668	1,18,37,
4669	35,
4670	40,
4671	17,
4672	3,43,
4673	3,16,22,49,
4674	29,38,
4675	32,
4676	11,45,
4677	43,
4678	3,5,21,32,38,39,
4679	19,
4680	22,17,28,
4681	17,37,
4682	6,46,
4683	4,39,
4684	28,49,
4685	4,7,
4686	10,27,30,
4687	43,
4688	33,
4689	23,31,
4690	27,
4691	35,
4692	2,8,33,34,39,47,
4693	13,15,16,
4694	6,15,28,
4695	4,
4696	2,19,
4697	17,27,
4698	21,
4699	4,43,
4700	7,
4701	9,
4702	24,29,
4703	11,
4704	7,16,19,
4705	29,41,
4706	5,7,24,48,
4707	38,
4708	25,
4709	14,23,26,37,
4710	2,19,23,27,35,36,42,
4711	8,41,
4712	21,31,16,
4713	26,35,48,
4714	4,13,26,
4715	0,34,44,
4716	34,
4717	32,
4718	6,36,
4719	4,27,
4720	19,23,6,
4721	11,
4722	10,18,
4723	44,
4724	11,
4725	1,8,
4726	7,43,
4727	49,
4728	7,36,
4729	0,3,5,9,23,42,
4730	0,29,
4731	8,16,22,28,
4732	37,
4733	34,39,47,
4734	1,30,
4735	0,
4736	38,6,
4737	3,7,
4738	4,
4739	14,37,
4740	12,34,47,
4741	4,6,
4742	24,
4743	3,25,
4744	17,35,41,48,
4745	14,48,
4746	22,30,
4747	5,12,37,39,
4748	25,
4749	5,
4750	10,36,
4751	4,29,48,
4752	11,12,22,
4753	29,
4754	36,
4755	17,44,48,
4756	6,
4757	9,
4758	0,
4759	3,28,
4760	38,41,40,
4761	2,13,
4762	3,37,38,
4763	3,13,36,
4764	10,11,22,
4765	14,22,40,
4766	1,
4767	33,
4768	10,
4769	23,33,
4770	10,43,
4771	18,24,
4772	37,48,
4773	15,18,
4774	48,
4775	14,
4776	0,18,36,
4777	3,
4778	0,
4779	43,
4780	11,
4781	22,24,
4782	29,31,
4783	15,21,35,
4784	18,20,
4785	32,1,
4786	13,16,
4787	27,39,45,
4788	37,
4789	20,32,47,
4790	36,
4791	2,
4792	42,
4793	7,
4794	2,17,
4795	14,20,27,48,
4796	24,34,
4797	17,
4798	13,39,46,
4799	22,47,
4800	11,16,30,
4801	1,30,46,
4802	16,20,41,
4803	13,20,
4804	18,23,
4805	19,
4806	34,35,
4807	0,30,34,41,
4808	5,12,44,
4809	34,
4810	11,10,41,
4811	2,
4812	6,8,17,42,
4813	41,
4814	5,30,
4815	7,33,
4816	27,33,
4817	17,
4818	8,16,
4819	43,
4820	1,17,
4821	9,32,
4822	28,29,34,
4823	5,8,
4824	17,27,
4825	39,
4826	16,27,34,35,
4827	23,
4828	25,
4829	2,4,20,23,36,
4830	15,20,29,38,40,43,47,
4831	39,
4832	23,32,
4833	31,
4834	48,8,42,
4835	22,
4836	46,
4837	5,18,
4838	2,28,44,
4839	27,40,
4840	10,34,42,
4841	3,47,
4842	5,6,
4843	14,
4844	3,40,
4845	14,22,
4846	10,
4847	14,31,
4848	20,24,27,
4849	21,33,
4850	7,13,46,
4851	2,18,40,
4852	47,31,
4853	20,
4854	36,
4855	39,42,
4856	11,36,
4857	21,
4858	2,42,
4859	17,34,37,
4860	22,23,5,
4861	34,
4862	40,28,3,
4863	31,
4864	1,44,49,
4865	40,
4866	2,
4867	33,41,
4868	24,27,39,
4869	27,34,
4870	19,
4871	13,16,
4872	33,
4873	47,
4874	26,39,44,
4875	16,23,
4876	0,
4877	8,16,
4878	1,9,46,48,
4879	32,34,45,
4880	10,28,40,48,49,
4881	5,30,38,
4882	0,21,29,
4883	17,22,23,37,
4884	10,26,
4885	32,47,
4886	28,
4887	0,43,
4888	44,
4889	1,14,22,31,37,
4890	31,35,43,
4891	30,36,40,43,48,
4892	25,43,44,
4893	0,44,46,49,
4894	10,27,45,49,
4895	20,36,
4896	0,39,
4897	42,
4898	0,
4899	8,
4900	0,48,
4901	25,46,47,
4902	9,25,26,29,47,
4903	24,42,
4904	12,24,47,
4905	4,
4906	25,29,
4907	30,31,
4908	6,30,38,
4909	21,45,
4910	16,29,
4911	8,12,24,
4912	23,25,
4913	10,16,25,
4914	21,31,36,
4915	3,36,
4916	0,13,23,
4917	3,18,
4918	22,
4919	19,
4920	5,
4921	30,
4922	2,36,
4923	27,43,47,
4924	18,31,49,
4925	24,27,30,41,
4926	35,39,
4927	3,29,36,
4928	14,29,41,
4929	6,19,
4930	33,
4931	37,45,
4932	25,47,48,
4933	34,39,42,
4934	13,47,49,
4935	6,
4936	23,
4937	11,16,
4938	3,30,35,42,
4939	30,35,42,
4940	49,
4941	16,6,28,
4942	0,18,23,
4943	22,
4944	4,
4945	4,12,
4946	6,
4947	16,40,48,
4948	4,7,16,33,46,
4949	16,20,21,
4950	46,
4951	18,20,47,
4952	23,
4953	12,13,23,
4954	20,28,
4955	5,37,
4956	4,5,47,
4957	19,34,
4958	20,
4959	21,31,
4960	6,
4961	7,10,
4962	2,22,26,35,
4963	7,8,42,
4964	40,15,49,
4965	31,37,
4966	19,23,
4967	3,4,10,24,
4968	3,6,18,49,
4969	10,8,
4970	19,22,28,34,40,
4971	31,
4972	24,42,
4973	3,48,49,
4974	9,48,
4975	34,
4976	28,14,
4977	27,
4978	6,23,35,
4979	42,
4980	34,49,
4981	5,23,34,44,
4982	45,
4983	5,
4984	11,
4985	2,4,31,43,
4986	46,
4987	4,8,31,
4988	24,39,
4989	38,
4990	11,13,28,
4991	14,20,
4992	2,5,34,
4993	2,10,44,
4994	0,18,28,
4995	5,18,19,24,32,41,
4996	4,17,
4997	40,46,6,
4998	22,45,38,
4999	32,
