0	22,36,
1	11,
2	12,33,
3	12,16,21,45,
4	3,14,
5	3,
6	3,20,45,
7	35,42,46,49,
8	43,
9	33,39,45,
10	2,26,22,
11	1,6,22,
12	39,
13	6,12,33,36,47,
14	17,29,
15	16,30,
16	14,40,
17	0,20,21,
18	13,26,
19	6,14,20,36,
20	4,43,
21	27,28,
22	26,29,
23	27,46,
24	27,41,
25	44,49,
26	0,42,47,
27	20,8,
28	25,43,
29	30,
30	2,5,40,48,
31	2,10,
32	38,
33	6,13,15,
34	36,37,
35	19,27,3,
36	7,10,41,
37	40,46,
38	7,
39	45,
40	6,28,42,
41	19,
42	11,23,
43	10,14,18,23,43,
44	15,18,22,26,40,42,47,
45	38,42,
46	34,
47	3,48,
48	22,
49	29,30,
50	35,48,
51	7,
52	27,
53	5,
54	6,
55	17,20,
56	4,7,23,
57	45,
58	31,
59	11,28,
60	6,44,
61	20,37,
62	37,38,44,
63	32,
64	12,17,18,34,43,
65	3,11,32,
66	23,25,33,
67	12,14,40,
68	24,
69	33,34,
70	3,38,
71	14,
72	20,23,
73	10,19,37,
74	25,
75	3,45,47,
76	10,33,
77	32,13,14,
78	6,7,27,37,41,
79	45,49,
80	12,23,
81	24,31,43,49,
82	10,34,46,
83	9,14,
84	24,10,30,
85	23,38,
86	14,44,0,
87	33,38,
88	21,43,46,
89	2,32,
90	22,20,
91	23,38,
92	10,20,36,
93	0,
94	16,17,23,49,
95	23,
96	48,
97	36,42,
98	13,18,31,36,
99	8,9,34,45,
100	31,33,
101	23,
102	2,
103	15,16,39,
104	14,22,28,30,45,
105	49,
106	2,9,28,
107	47,
108	44,41,
109	12,
110	21,27,34,
111	13,33,45,48,
112	0,6,17,20,
113	2,
114	44,
115	28,
116	13,15,
117	18,
118	4,5,
119	7,19,48,
120	2,36,41,
121	23,6,
122	9,
123	8,47,
124	0,16,
125	12,22,28,
126	31,47,
127	20,25,44,
128	10,
129	19,30,
130	36,
131	2,15,
132	3,8,13,29,
133	6,
134	38,44,
135	6,20,49,
136	0,33,36,
137	2,11,20,39,
138	30,
139	14,32,37,
140	12,22,29,41,
141	11,44,45,
142	8,16,35,
143	3,
144	36,43,
145	0,40,44,
146	37,
147	35,
148	11,28,37,
149	35,
150	24,28,33,36,40,
151	3,37,40,43,
152	12,26,
153	28,
154	42,
155	5,
156	32,45,
157	2,11,45,
158	31,33,
159	5,6,11,43,49,
160	19,48,
161	31,
162	9,10,
163	23,38,48,
164	8,30,34,
165	41,37,
166	47,16,
167	8,
168	28,
169	18,27,
170	7,13,33,45,
171	12,31,
172	2,13,21,40,
173	16,35,40,
174	27,
175	18,
176	2,37,39,45,
177	25,34,17,
178	12,23,30,
179	9,20,44,
180	5,43,
181	6,8,16,
182	25,30,
183	32,35,
184	13,
185	5,38,
186	32,44,
187	33,
188	47,30,
189	0,1,19,37,
190	23,36,43,
191	18,41,44,
192	37,
193	47,
194	23,25,
195	49,
196	33,
197	11,31,37,
198	23,25,33,37,49,
199	29,
200	13,19,
201	33,
202	2,14,18,22,45,
203	7,19,35,
204	47,
205	6,34,35,48,
206	0,19,
207	1,3,39,
208	30,0,13,
209	0,
210	11,28,
211	29,32,
212	12,23,25,49,
213	1,33,35,
214	12,40,11,
215	23,36,48,
216	7,14,
217	42,
218	24,48,
219	27,29,40,
220	34,
221	6,16,
222	6,
223	14,19,38,
224	16,
225	32,35,
226	6,8,45,
227	7,19,
228	12,15,40,
229	7,15,26,
230	13,19,
231	7,17,41,
232	24,19,
233	19,32,
234	1,23,24,
235	2,12,16,
236	24,39,10,
237	16,25,41,
238	20,
239	17,18,43,45,
240	37,
241	10,
242	17,32,49,
243	9,
244	14,49,
245	43,41,23,
246	35,36,
247	10,28,
248	47,
249	49,
250	15,
251	15,45,
252	0,5,29,32,
253	7,23,25,
254	41,49,
255	19,
256	13,
257	47,
258	22,43,
259	2,
260	35,
261	21,37,
262	36,38,
263	35,41,
264	1,20,35,
265	21,39,45,
266	9,19,
267	30,38,
268	5,11,15,28,31,32,
269	14,41,
270	44,47,
271	7,
272	41,
273	26,31,
274	0,31,
275	11,37,
276	24,36,
277	4,21,31,37,
278	4,26,
279	0,49,
280	0,2,21,
281	10,37,49,
282	24,26,
283	36,
284	27,
285	6,9,28,
286	1,28,29,44,47,48,
287	27,38,
288	10,28,
289	19,45,
290	7,34,
291	20,33,35,48,
292	6,
293	40,41,
294	34,
295	28,49,
296	27,35,
297	13,
298	23,3,
299	15,22,38,42,
300	7,39,44,
301	1,44,
302	22,14,4,
303	5,11,
304	15,
305	16,39,
306	12,41,
307	22,
308	11,43,47,
309	14,
310	18,33,
311	35,40,
312	6,17,
313	0,27,
314	45,
315	25,35,37,
316	26,35,29,
317	25,
318	4,
319	10,22,26,33,
320	13,22,15,
321	17,
322	5,
323	47,48,
324	2,17,
325	22,28,42,48,
326	26,
327	47,
328	36,
329	6,46,
330	31,27,6,
331	0,18,23,31,32,33,37,40,
332	39,
333	11,27,
334	5,
335	7,25,16,
336	39,
337	33,
338	12,
339	36,
340	4,14,29,
341	24,
342	2,25,6,
343	2,6,
344	8,15,
345	20,26,41,42,49,
346	40,
347	36,
348	13,15,48,
349	32,47,
350	2,11,
351	17,
352	6,11,44,
353	19,7,46,
354	19,38,
355	26,
356	3,5,21,45,
357	6,27,
358	14,
359	14,39,46,
360	2,7,47,
361	3,46,
362	44,
363	44,
364	4,40,
365	10,28,
366	41,42,
367	35,45,
368	12,40,41,
369	27,1,
370	8,
371	36,
372	18,37,0,
373	4,11,14,18,22,
374	14,20,23,
375	45,17,
376	1,15,45,
377	15,42,
378	10,
379	18,33,
380	32,
381	10,33,48,
382	17,19,
383	1,17,19,
384	44,
385	6,12,27,31,44,
386	2,35,
387	9,33,37,
388	5,
389	22,27,
390	31,6,44,
391	1,17,
392	7,9,
393	1,6,33,
394	24,35,
395	2,35,
396	0,7,33,
397	6,21,27,37,
398	11,
399	14,15,26,27,
400	17,0,
401	41,2,
402	15,25,42,
403	39,
404	2,34,35,37,39,
405	13,
406	26,37,
407	38,10,19,
408	3,23,33,48,
409	14,6,
410	3,19,
411	4,22,36,
412	6,16,18,
413	29,36,
414	25,
415	17,21,
416	13,12,
417	5,
418	27,
419	19,
420	13,32,
421	12,20,26,32,35,
422	14,15,27,
423	10,44,48,
424	2,23,28,36,48,
425	2,44,
426	10,1,47,
427	2,11,
428	11,24,
429	3,9,12,29,
430	4,13,37,
431	2,27,30,36,
432	14,
433	31,32,48,
434	47,
435	36,
436	5,
437	24,
438	8,38,
439	23,42,
440	15,32,
441	35,
442	29,42,
443	39,2,23,
444	1,4,7,41,
445	15,27,38,39,
446	33,48,
447	5,
448	26,39,45,
449	8,39,41,45,49,
450	20,28,33,36,44,
451	5,6,7,8,10,25,34,47,
452	33,46,
453	37,
454	9,19,
455	43,
456	6,18,21,23,24,44,
457	21,
458	1,8,47,
459	23,25,47,
460	6,
461	5,41,
462	48,
463	8,
464	21,
465	11,47,
466	11,31,
467	40,
468	10,11,12,29,
469	41,
470	33,36,
471	23,25,37,
472	10,
473	17,31,45,
474	22,
475	4,21,
476	16,12,
477	15,23,
478	37,
479	40,
480	13,20,48,
481	17,24,43,
482	13,16,29,39,
483	6,
484	0,40,
485	4,12,21,
486	44,
487	40,
488	10,14,15,35,49,
489	18,
490	0,
491	12,
492	10,33,
493	4,13,23,35,
494	37,43,44,
495	20,30,35,
496	0,
497	22,31,
498	8,
499	3,
500	23,40,
501	34,39,
502	38,43,
503	45,
504	2,
505	3,8,16,28,45,
506	41,
507	19,
508	49,33,41,
509	0,2,
510	6,9,44,46,
511	34,
512	48,
513	19,21,22,23,
514	24,
515	8,
516	48,
517	14,46,
518	29,
519	34,46,
520	7,25,27,47,
521	30,
522	3,13,38,
523	11,15,21,
524	13,18,45,
525	5,7,19,28,
526	10,
527	11,12,14,
528	4,
529	46,
530	24,
531	12,18,
532	1,3,
533	40,46,
534	9,36,
535	0,2,7,35,38,
536	33,
537	2,
538	36,
539	3,5,
540	32,45,
541	27,
542	30,40,42,
543	4,44,
544	16,13,28,
545	20,36,
546	17,39,40,
547	7,35,
548	14,
549	1,
550	35,
551	2,16,21,
552	26,35,
553	29,39,
554	11,33,39,40,
555	9,14,23,28,31,
556	32,43,
557	13,20,37,
558	12,25,40,
559	44,48,
560	37,39,
561	5,36,
562	8,13,26,31,32,34,37,
563	15,30,43,
564	6,32,
565	38,
566	25,
567	4,30,
568	6,11,12,44,
569	17,33,
570	1,4,22,36,49,
571	39,41,48,
572	43,
573	19,36,
574	46,48,
575	12,
576	29,
577	19,37,
578	7,16,28,33,47,
579	16,21,49,
580	12,33,
581	33,20,
582	4,
583	49,
584	41,46,
585	11,
586	11,27,46,
587	49,
588	0,
589	42,
590	21,40,
591	26,43,
592	34,36,
593	4,40,
594	17,47,
595	5,29,33,41,
596	16,
597	9,14,22,32,42,44,
598	5,10,44,
599	2,37,45,
600	37,
601	27,34,39,
602	4,19,41,
603	14,25,34,
604	0,
605	1,22,
606	27,34,
607	2,10,33,
608	44,
609	2,16,29,40,
610	35,48,9,
611	25,30,
612	31,
613	9,43,
614	12,
615	35,
616	48,
617	3,33,40,
618	1,
619	31,38,40,
620	20,21,
621	18,43,45,
622	32,
623	22,24,35,
624	10,36,
625	1,
626	15,
627	1,39,
628	3,
629	4,
630	21,
631	27,33,
632	26,
633	33,
634	9,11,
635	0,7,12,14,39,
636	34,
637	45,
638	25,38,
639	30,
640	27,
641	2,17,
642	8,28,37,
643	2,5,7,11,45,
644	6,9,21,
645	28,
646	32,
647	15,22,35,
648	2,7,12,30,31,38,
649	8,
650	23,
651	3,12,20,
652	10,37,2,
653	9,
654	0,5,31,
655	13,47,29,
656	47,
657	15,
658	23,31,
659	13,17,
660	7,32,
661	40,48,
662	2,49,
663	23,
664	37,40,
665	0,12,18,25,
666	17,46,
667	19,
668	25,1,9,
669	32,36,41,
670	6,
671	10,24,
672	5,
673	35,42,
674	19,39,
675	9,10,
676	3,6,12,45,
677	0,7,39,43,
678	4,26,
679	32,36,45,
680	21,
681	42,44,
682	0,22,32,48,
683	1,29,49,
684	4,12,15,
685	0,5,20,41,
686	5,
687	1,2,43,
688	1,2,
689	29,
690	26,30,37,
691	16,44,
692	9,
693	18,20,
694	21,36,
695	7,8,
696	23,
697	41,
698	28,47,
699	28,39,
700	38,
701	21,25,45,
702	7,15,
703	48,
704	9,13,
705	5,35,
706	30,14,
707	14,16,35,
708	35,48,
709	48,
710	28,
711	0,44,
712	47,34,
713	5,40,
714	13,
715	5,41,47,
716	3,10,
717	12,32,
718	36,41,
719	5,11,
720	10,25,39,48,
721	17,20,
722	1,25,
723	45,
724	32,33,
725	10,38,
726	4,16,
727	9,21,31,40,
728	10,
729	0,15,18,31,32,46,
730	21,39,
731	29,31,
732	25,38,
733	16,33,
734	4,
735	6,16,
736	11,33,
737	5,41,43,
738	6,41,43,
739	27,
740	4,5,12,
741	5,
742	18,3,
743	43,35,36,
744	2,28,38,41,43,
745	14,31,37,
746	12,14,36,
747	4,13,29,
748	20,
749	11,
750	23,46,
751	15,31,
752	12,46,
753	9,25,34,
754	3,4,21,36,
755	2,
756	12,29,
757	48,44,
758	47,
759	17,
760	20,33,
761	20,24,
762	41,
763	24,25,
764	13,10,20,
765	13,
766	23,
767	34,
768	38,
769	33,34,
770	1,
771	15,
772	23,32,37,42,
773	16,29,
774	6,13,
775	25,27,
776	4,31,33,
777	8,25,26,37,
778	3,45,
779	16,47,
780	44,
781	37,
782	38,
783	0,22,48,
784	33,
785	27,15,6,
786	38,
787	5,34,
788	11,16,
789	12,37,
790	31,28,
791	39,45,
792	35,
793	3,8,
794	20,41,42,
795	21,46,
796	3,41,42,
797	8,
798	39,
799	42,43,
800	3,
801	14,30,31,35,
802	7,25,46,
803	48,
804	2,11,12,20,28,
805	41,
806	1,34,39,44,
807	48,47,7,
808	10,15,24,
809	9,35,45,46,
810	27,
811	3,19,25,35,38,39,
812	0,6,33,
813	22,
814	35,
815	7,22,
816	46,48,
817	33,48,49,
818	22,38,
819	17,22,37,47,
820	6,22,
821	4,35,
822	1,11,38,
823	8,
824	44,
825	27,
826	33,
827	10,14,17,36,
828	9,
829	11,28,16,
830	28,
831	46,
832	1,13,39,44,
833	27,
834	23,
835	23,29,35,42,48,
836	33,34,
837	1,
838	40,
839	29,42,
840	19,33,
841	29,31,
842	10,29,35,36,
843	5,13,31,
844	9,38,
845	11,30,41,
846	27,
847	45,
848	12,34,42,
849	3,11,28,44,
850	6,12,16,
851	11,23,34,46,
852	4,18,26,
853	13,15,32,
854	12,22,
855	39,37,20,
856	3,7,36,
857	43,
858	3,7,14,24,49,
859	8,35,
860	29,
861	13,27,
862	40,
863	28,
864	43,44,
865	11,27,28,
866	4,24,40,
867	18,24,
868	15,35,44,
869	16,21,32,36,
870	10,
871	31,47,
872	6,32,40,
873	2,
874	2,28,36,
875	35,
876	21,34,
877	42,43,
878	12,
879	0,
880	36,
881	12,14,18,25,
882	32,38,47,
883	49,19,
884	13,49,
885	7,30,
886	10,33,
887	0,11,
888	11,15,18,45,
889	30,
890	5,30,22,
891	4,47,
892	35,
893	42,1,46,
894	43,
895	6,
896	4,40,
897	42,43,
898	5,20,35,37,43,44,
899	22,23,
900	7,13,23,32,39,
901	33,38,
902	26,
903	44,
904	15,31,
905	2,45,49,
906	20,38,
907	0,41,
908	4,
909	14,19,36,
910	21,
911	4,
912	13,
913	5,20,
914	1,
915	5,7,28,37,
916	3,10,32,33,
917	12,
918	0,14,
919	25,36,38,
920	19,27,
921	16,
922	37,
923	15,31,
924	20,46,
925	14,26,42,
926	16,18,48,
927	8,34,38,
928	5,12,42,
929	7,32,
930	16,40,41,
931	4,11,40,
932	5,33,36,40,
933	49,33,
934	15,48,
935	29,
936	0,7,38,
937	35,
938	8,34,
939	12,42,
940	25,37,
941	16,
942	4,15,37,
943	3,9,22,30,40,
944	12,14,24,31,
945	26,39,
946	44,41,
947	12,36,
948	35,39,
949	45,
950	11,
951	17,38,
952	22,45,
953	2,20,
954	45,
955	26,46,
956	15,29,
957	36,
958	12,40,
959	7,21,33,
960	9,18,23,28,
961	5,8,40,
962	34,39,
963	37,
964	0,
965	48,38,26,
966	38,
967	1,24,
968	17,31,
969	2,6,25,
970	4,16,
971	15,
972	2,5,12,24,39,42,
973	0,
974	22,29,
975	7,16,24,28,38,45,
976	33,
977	7,
978	22,36,
979	36,14,
980	20,48,
981	11,17,48,
982	21,38,
983	33,48,
984	37,49,
985	2,26,21,
986	15,36,
987	18,25,33,
988	1,2,13,25,32,43,
989	10,45,
990	33,
991	3,
992	20,27,47,
993	6,11,15,26,36,37,
994	0,12,43,
995	8,25,38,
996	31,
997	14,23,39,
998	6,19,
999	3,
1000	42,
1001	5,13,3,
1002	3,37,47,
1003	20,29,
1004	2,10,35,
1005	17,9,20,
1006	13,17,32,
1007	31,
1008	5,19,24,43,
1009	0,14,43,
1010	26,
1011	18,37,
1012	19,
1013	14,27,36,
1014	26,42,
1015	23,25,43,44,
1016	22,37,45,
1017	12,
1018	22,38,
1019	9,
1020	34,
1021	47,
1022	1,10,42,44,47,
1023	13,15,16,19,20,40,
1024	33,45,
1025	4,36,42,
1026	1,5,9,12,19,48,
1027	2,3,43,
1028	6,33,
1029	38,41,44,
1030	10,
1031	3,
1032	0,18,
1033	43,45,
1034	17,22,
1035	13,
1036	21,
1037	0,
1038	16,18,
1039	41,48,
1040	21,20,46,
1041	2,16,45,
1042	24,
1043	13,
1044	5,34,42,
1045	7,
1046	3,4,
1047	5,
1048	3,18,20,34,
1049	16,
1050	25,38,
1051	17,
1052	22,12,37,
1053	28,
1054	13,14,19,46,
1055	11,
1056	21,
1057	11,27,28,29,45,
1058	25,2,19,
1059	26,38,
1060	30,32,
1061	33,43,
1062	36,
1063	16,41,46,
1064	21,38,41,44,
1065	15,27,
1066	41,
1067	24,27,39,
1068	6,18,36,
1069	23,8,13,
1070	43,14,17,
1071	13,22,44,46,
1072	30,
1073	16,
1074	21,30,36,45,
1075	35,
1076	12,
1077	14,
1078	37,
1079	5,17,31,36,
1080	12,24,34,40,
1081	32,
1082	44,
1083	0,29,37,
1084	16,20,41,
1085	3,8,26,30,35,
1086	2,
1087	12,
1088	38,
1089	30,31,32,
1090	19,28,
1091	9,
1092	6,21,
1093	0,
1094	46,
1095	44,
1096	1,41,47,48,
1097	20,
1098	7,9,39,
1099	12,20,27,28,
1100	3,
1101	19,31,
1102	30,31,48,
1103	11,22,
1104	12,
1105	11,14,30,33,41,43,
1106	38,46,
1107	29,49,
1108	39,
1109	2,3,
1110	43,
1111	0,13,31,
1112	11,32,42,
1113	5,23,
1114	31,
1115	36,42,45,
1116	38,
1117	17,
1118	2,4,41,48,
1119	0,20,41,49,
1120	27,35,
1121	35,40,
1122	13,38,
1123	21,
1124	40,
1125	30,15,
1126	32,44,
1127	8,21,25,44,
1128	42,
1129	8,12,20,
1130	5,39,42,45,
1131	43,
1132	12,
1133	10,26,
1134	6,37,
1135	31,28,
1136	38,49,
1137	32,
1138	2,15,22,48,
1139	14,21,30,
1140	46,
1141	32,45,
1142	22,34,26,
1143	16,34,
1144	46,
1145	26,49,
1146	38,
1147	3,10,
1148	36,
1149	32,
1150	6,40,
1151	17,
1152	15,31,
1153	42,
1154	11,14,20,25,27,35,49,
1155	0,13,
1156	4,
1157	25,
1158	14,
1159	0,30,42,48,
1160	4,
1161	3,17,18,20,28,
1162	12,14,33,42,
1163	14,34,
1164	33,41,
1165	10,32,
1166	6,
1167	9,18,30,33,
1168	16,21,
1169	12,18,26,39,
1170	21,24,45,
1171	15,18,
1172	1,14,28,48,
1173	15,
1174	7,24,
1175	37,10,
1176	4,8,
1177	17,
1178	17,45,
1179	19,
1180	16,
1181	22,
1182	17,
1183	5,11,21,35,48,
1184	19,
1185	45,
1186	37,4,15,
1187	6,14,
1188	11,19,
1189	5,45,
1190	25,35,
1191	14,
1192	6,25,
1193	37,15,23,
1194	25,
1195	0,33,38,
1196	17,26,32,35,
1197	35,
1198	7,27,36,
1199	5,
1200	3,
1201	17,23,24,42,
1202	22,23,
1203	10,18,
1204	22,38,47,
1205	4,
1206	5,
1207	45,
1208	48,
1209	10,45,
1210	17,37,
1211	7,20,
1212	31,
1213	22,
1214	14,
1215	3,17,36,
1216	16,24,
1217	46,
1218	48,
1219	16,
1220	19,24,
1221	1,43,
1222	42,37,18,
1223	12,26,
1224	15,20,
1225	0,4,6,31,
1226	18,19,
1227	5,39,
1228	17,31,
1229	12,20,31,42,44,
1230	46,
1231	37,
1232	27,46,
1233	46,
1234	20,35,
1235	0,
1236	41,
1237	15,14,38,
1238	2,32,33,35,49,
1239	7,13,
1240	3,26,
1241	6,25,
1242	49,
1243	25,
1244	19,20,
1245	22,28,34,
1246	4,35,
1247	16,30,32,48,
1248	42,45,
1249	24,27,
1250	35,46,
1251	33,
1252	3,32,34,40,
1253	3,16,24,
1254	2,
1255	23,
1256	32,39,28,
1257	7,17,
1258	20,
1259	40,47,
1260	17,
1261	15,24,30,38,49,
1262	20,
1263	20,32,37,
1264	0,49,
1265	40,
1266	10,
1267	2,10,36,
1268	7,
1269	20,35,
1270	2,37,
1271	39,1,
1272	22,34,
1273	28,37,47,
1274	30,
1275	6,33,5,
1276	2,15,35,39,
1277	34,24,35,
1278	45,
1279	18,
1280	0,35,36,
1281	7,12,15,32,45,
1282	49,
1283	1,6,11,39,
1284	29,
1285	31,
1286	1,19,36,
1287	9,18,40,
1288	23,25,27,29,
1289	25,
1290	5,7,18,48,
1291	0,
1292	24,49,21,
1293	6,21,45,
1294	0,44,
1295	48,
1296	10,
1297	0,47,49,
1298	36,44,
1299	46,
1300	4,5,8,17,22,43,49,
1301	0,16,17,19,22,33,45,
1302	7,8,38,
1303	1,3,6,8,32,
1304	5,11,
1305	0,17,23,36,
1306	7,46,
1307	41,
1308	35,40,
1309	35,36,
1310	22,43,
1311	9,
1312	8,43,46,
1313	4,22,46,
1314	8,29,32,
1315	20,36,
1316	13,36,
1317	12,
1318	19,35,40,
1319	9,17,21,
1320	8,38,
1321	18,25,46,
1322	43,
1323	29,33,45,
1324	35,
1325	0,26,33,
1326	18,
1327	1,4,10,29,31,
1328	4,30,
1329	38,
1330	26,28,
1331	11,33,38,
1332	2,
1333	26,
1334	36,40,48,
1335	24,
1336	35,37,
1337	13,42,
1338	24,
1339	13,24,41,
1340	11,
1341	35,41,
1342	0,5,35,
1343	37,
1344	5,36,
1345	11,14,32,
1346	24,45,22,
1347	29,
1348	20,29,31,
1349	24,
1350	19,29,34,
1351	3,9,16,20,30,35,38,42,
1352	33,
1353	14,16,32,38,
1354	25,33,
1355	2,29,
1356	36,46,
1357	12,
1358	7,40,
1359	11,49,
1360	4,
1361	20,38,42,
1362	22,35,
1363	44,
1364	10,12,16,28,
1365	9,36,46,48,
1366	6,44,23,
1367	10,
1368	30,
1369	40,
1370	17,24,
1371	19,31,
1372	9,32,41,
1373	2,27,35,
1374	37,39,
1375	31,35,37,
1376	39,
1377	41,
1378	0,48,8,
1379	10,16,
1380	15,16,33,43,
1381	19,
1382	4,
1383	28,
1384	46,22,14,
1385	1,9,11,14,22,
1386	3,47,
1387	37,
1388	5,40,
1389	32,
1390	11,23,36,
1391	24,36,38,41,
1392	23,37,
1393	2,12,17,
1394	3,24,40,
1395	21,34,37,
1396	18,
1397	2,40,
1398	9,13,
1399	40,
1400	13,24,28,32,
1401	37,
1402	1,
1403	23,49,
1404	9,12,14,32,48,
1405	23,
1406	1,32,37,
1407	18,20,28,41,42,44,
1408	3,10,33,
1409	5,20,22,25,
1410	0,22,45,
1411	39,46,
1412	4,38,
1413	40,
1414	18,30,34,
1415	3,
1416	7,32,34,43,
1417	23,36,45,
1418	32,
1419	11,
1420	18,39,
1421	32,
1422	11,
1423	33,37,
1424	13,
1425	22,
1426	30,41,
1427	5,37,
1428	28,38,
1429	26,27,32,
1430	41,
1431	4,49,
1432	30,31,
1433	19,
1434	4,
1435	28,
1436	9,20,31,38,
1437	0,14,27,29,40,
1438	7,19,36,
1439	32,
1440	30,45,
1441	0,1,35,39,45,47,
1442	0,
1443	47,29,48,
1444	14,44,
1445	27,
1446	13,23,
1447	6,26,
1448	0,5,27,46,
1449	13,35,39,47,
1450	46,
1451	9,
1452	11,
1453	4,40,
1454	27,43,45,
1455	32,46,
1456	28,
1457	0,10,30,33,
1458	8,30,31,
1459	30,
1460	45,
1461	19,30,42,
1462	26,49,
1463	17,19,
1464	10,41,
1465	28,
1466	22,
1467	47,
1468	2,38,41,
1469	18,29,48,
1470	29,
1471	44,
1472	38,
1473	8,42,6,
1474	5,21,44,
1475	43,
1476	41,
1477	13,18,31,
1478	44,
1479	20,33,42,47,
1480	4,49,
1481	21,46,
1482	6,13,22,31,
1483	47,48,
1484	8,35,
1485	16,19,41,
1486	0,1,26,41,
1487	39,
1488	23,29,
1489	3,13,26,
1490	27,31,
1491	1,16,
1492	22,24,44,48,
1493	19,31,
1494	38,
1495	1,31,
1496	12,28,38,48,
1497	30,
1498	1,42,
1499	34,
1500	16,
1501	13,25,
1502	23,19,
1503	37,
1504	7,12,45,
1505	33,10,35,
1506	14,19,25,26,
1507	44,
1508	1,27,32,47,
1509	23,28,38,
1510	1,
1511	23,
1512	8,38,49,
1513	3,33,
1514	5,
1515	12,40,
1516	30,38,
1517	5,10,
1518	9,31,36,
1519	46,
1520	1,
1521	32,48,
1522	5,36,40,
1523	19,35,
1524	47,3,
1525	11,32,43,48,
1526	12,38,40,
1527	4,13,35,
1528	20,36,
1529	16,19,26,28,29,31,44,46,49,
1530	8,20,
1531	36,41,
1532	18,
1533	1,2,24,26,28,
1534	38,39,
1535	2,3,5,21,27,
1536	40,
1537	10,12,35,42,
1538	29,
1539	41,46,
1540	1,39,
1541	3,5,23,
1542	4,
1543	9,3,
1544	14,16,46,
1545	46,
1546	32,
1547	6,18,
1548	37,
1549	16,36,
1550	0,
1551	1,
1552	10,36,38,
1553	18,38,45,
1554	21,29,33,47,
1555	7,
1556	9,33,
1557	2,21,40,
1558	12,17,29,43,
1559	10,45,
1560	24,
1561	1,15,27,
1562	0,13,
1563	19,45,39,
1564	12,
1565	24,
1566	6,34,47,
1567	0,44,
1568	9,13,
1569	12,18,
1570	3,11,32,
1571	47,
1572	26,48,
1573	25,37,41,
1574	11,16,31,
1575	21,41,
1576	5,22,34,35,46,
1577	20,38,47,
1578	26,32,44,
1579	41,44,
1580	1,4,
1581	6,17,24,45,
1582	4,32,
1583	28,37,
1584	17,19,36,46,
1585	12,20,
1586	11,
1587	0,19,44,47,
1588	22,11,
1589	36,45,
1590	12,22,27,
1591	49,
1592	40,48,
1593	8,34,44,46,
1594	10,28,44,
1595	0,21,
1596	8,
1597	11,15,29,
1598	1,2,4,23,27,37,
1599	1,3,13,
1600	44,
1601	10,
1602	0,32,39,
1603	11,36,
1604	18,
1605	16,
1606	11,33,
1607	12,24,
1608	5,15,26,35,
1609	11,
1610	4,
1611	33,
1612	13,16,26,38,
1613	26,38,39,
1614	15,49,
1615	8,11,
1616	0,29,
1617	21,33,
1618	42,43,46,47,
1619	1,22,
1620	18,30,
1621	9,24,26,32,
1622	30,
1623	10,
1624	15,23,
1625	19,42,
1626	7,10,18,
1627	40,
1628	47,
1629	2,
1630	10,22,48,
1631	17,29,30,
1632	44,
1633	26,27,
1634	5,11,23,32,44,
1635	24,45,
1636	21,28,40,
1637	18,
1638	8,39,
1639	5,18,
1640	7,47,
1641	26,
1642	16,
1643	15,32,
1644	25,47,48,
1645	3,17,
1646	28,13,
1647	5,39,
1648	24,34,46,
1649	38,42,47,
1650	12,26,28,36,
1651	3,29,33,
1652	5,17,27,32,45,
1653	20,43,
1654	15,40,41,47,
1655	1,26,
1656	15,35,
1657	2,20,
1658	30,39,
1659	28,38,46,
1660	44,
1661	40,
1662	10,21,23,48,
1663	33,
1664	16,
1665	7,18,29,33,35,43,
1666	23,26,33,
1667	16,11,34,
1668	28,
1669	7,38,36,
1670	21,48,
1671	36,
1672	3,16,23,36,
1673	32,29,
1674	11,27,31,41,49,
1675	9,13,19,
1676	25,
1677	3,4,16,46,
1678	21,
1679	35,37,
1680	17,
1681	48,
1682	14,
1683	16,17,29,45,
1684	21,28,
1685	31,
1686	16,38,
1687	48,
1688	14,28,29,34,37,
1689	13,16,
1690	5,22,41,
1691	5,
1692	3,16,37,
1693	24,33,
1694	5,
1695	4,45,49,
1696	38,
1697	4,12,20,24,
1698	14,27,
1699	7,14,17,28,40,
1700	16,18,42,
1701	20,22,2,
1702	49,
1703	41,47,
1704	0,30,34,
1705	15,19,26,28,37,
1706	4,
1707	44,47,
1708	9,10,21,30,41,
1709	21,34,38,
1710	12,
1711	24,31,34,
1712	10,18,24,
1713	11,12,19,46,
1714	37,
1715	12,33,40,
1716	18,36,4,
1717	48,
1718	3,
1719	5,25,
1720	42,43,
1721	37,48,
1722	17,21,
1723	43,44,
1724	18,
1725	3,
1726	5,9,41,48,
1727	1,15,30,48,
1728	2,
1729	19,22,24,26,48,
1730	25,43,
1731	32,
1732	9,42,
1733	48,
1734	1,28,39,
1735	20,
1736	48,
1737	44,47,23,
1738	33,
1739	36,
1740	20,31,39,
1741	35,40,
1742	0,5,26,
1743	13,22,48,
1744	31,
1745	49,
1746	25,44,
1747	10,37,44,
1748	36,39,
1749	37,45,48,
1750	25,16,22,
1751	39,46,
1752	11,
1753	31,
1754	33,37,40,47,
1755	33,44,
1756	15,21,
1757	39,
1758	0,14,24,27,30,38,
1759	5,24,34,42,45,
1760	5,16,
1761	41,
1762	7,
1763	16,24,27,31,
1764	27,
1765	7,13,19,
1766	21,33,44,
1767	6,
1768	11,15,17,24,
1769	34,46,
1770	1,30,35,43,
1771	29,
1772	43,22,42,
1773	29,
1774	6,44,
1775	11,19,
1776	5,36,
1777	5,28,32,
1778	0,
1779	16,47,
1780	21,40,
1781	3,16,21,33,42,
1782	5,
1783	14,18,48,
1784	25,45,
1785	13,17,24,
1786	17,
1787	2,10,22,28,31,
1788	23,
1789	22,23,39,
1790	14,24,29,43,
1791	32,
1792	17,30,48,
1793	10,5,34,
1794	5,8,38,
1795	29,
1796	31,35,
1797	5,34,
1798	41,
1799	34,37,41,
1800	29,35,
1801	12,16,17,38,
1802	41,
1803	2,10,
1804	5,44,
1805	32,35,
1806	5,19,
1807	18,48,
1808	5,20,32,
1809	16,18,34,
1810	13,42,
1811	49,
1812	49,
1813	14,5,4,
1814	28,
1815	25,
1816	4,6,10,43,45,
1817	36,
1818	22,40,
1819	43,
1820	24,
1821	12,19,25,
1822	7,
1823	10,19,
1824	1,24,
1825	19,
1826	12,32,36,
1827	5,45,
1828	13,
1829	40,
1830	11,22,
1831	1,
1832	18,31,38,
1833	47,
1834	18,19,23,
1835	2,4,
1836	43,42,9,
1837	40,
1838	23,37,41,46,
1839	45,
1840	43,7,19,
1841	1,48,
1842	16,
1843	6,29,
1844	22,
1845	25,42,45,49,
1846	16,44,
1847	8,11,3,
1848	41,
1849	13,14,
1850	7,10,
1851	8,
1852	8,
1853	2,31,35,39,
1854	2,37,40,46,
1855	46,
1856	6,25,
1857	20,
1858	12,20,30,
1859	27,30,
1860	0,15,16,24,30,37,45,
1861	41,48,49,
1862	2,48,34,
1863	35,
1864	1,
1865	8,45,
1866	1,31,
1867	8,9,48,
1868	20,31,
1869	9,15,16,28,32,39,
1870	6,31,37,
1871	10,37,42,
1872	5,13,
1873	25,
1874	47,
1875	17,10,26,
1876	42,
1877	23,
1878	1,11,
1879	9,13,31,43,
1880	47,
1881	40,
1882	5,22,28,35,
1883	5,23,31,36,44,
1884	11,24,28,30,
1885	35,
1886	6,32,
1887	39,31,0,
1888	4,
1889	29,42,
1890	4,15,45,
1891	3,17,45,
1892	24,
1893	5,23,38,
1894	36,37,44,
1895	29,
1896	31,33,48,
1897	39,45,
1898	5,12,18,40,
1899	0,23,28,
1900	9,19,
1901	44,49,
1902	9,
1903	0,9,
1904	5,
1905	18,
1906	9,18,19,
1907	49,
1908	7,23,
1909	45,
1910	3,12,
1911	6,16,
1912	36,48,
1913	34,
1914	7,
1915	28,7,30,
1916	3,27,
1917	17,
1918	25,33,
1919	16,29,40,
1920	2,6,9,
1921	47,
1922	1,
1923	7,32,
1924	2,23,
1925	19,
1926	9,
1927	23,46,
1928	36,44,
1929	28,37,41,
1930	35,41,
1931	7,
1932	26,44,
1933	7,
1934	30,49,
1935	29,
1936	3,27,41,
1937	25,35,
1938	16,32,
1939	44,
1940	11,35,47,
1941	8,31,39,
1942	36,24,
1943	7,28,44,46,
1944	31,41,
1945	37,39,45,
1946	20,
1947	38,7,27,
1948	0,1,2,16,20,36,
1949	10,
1950	49,8,42,
1951	13,
1952	2,
1953	23,
1954	5,9,12,20,38,41,
1955	12,47,48,
1956	37,
1957	12,31,48,
1958	29,33,
1959	39,1,7,
1960	18,23,
1961	45,
1962	27,
1963	10,44,48,
1964	22,44,
1965	12,15,
1966	35,38,
1967	11,15,37,38,
1968	17,
1969	13,7,
1970	15,41,
1971	16,
1972	18,
1973	49,
1974	6,20,
1975	11,38,
1976	48,
1977	1,27,
1978	4,5,18,26,
1979	33,41,28,
1980	3,6,21,44,
1981	2,33,36,48,
1982	22,
1983	24,48,
1984	5,7,33,49,
1985	18,26,38,46,48,
1986	15,42,
1987	5,29,7,
1988	32,48,
1989	5,31,
1990	30,40,
1991	23,44,49,
1992	3,23,29,33,
1993	16,23,26,49,
1994	6,22,28,
1995	7,8,11,
1996	21,
1997	11,27,
1998	7,19,40,
1999	24,26,
2000	16,23,
2001	4,6,
2002	16,
2003	1,20,26,30,
2004	15,18,30,
2005	41,
2006	6,26,
2007	29,33,35,
2008	14,39,
2009	21,39,
2010	35,41,
2011	28,
2012	27,30,36,
2013	12,45,
2014	13,15,23,
2015	10,47,
2016	12,
2017	5,16,47,
2018	14,
2019	22,41,
2020	13,28,29,41,45,47,
2021	1,5,26,41,
2022	13,4,
2023	14,43,44,
2024	1,4,35,
2025	38,
2026	10,19,
2027	19,37,
2028	34,
2029	37,
2030	2,
2031	46,28,18,
2032	13,42,
2033	17,20,26,39,41,48,
2034	14,49,
2035	41,
2036	23,25,
2037	16,32,33,
2038	3,19,25,35,
2039	8,41,
2040	15,19,31,41,45,
2041	30,12,37,
2042	25,
2043	10,22,44,
2044	6,18,
2045	33,27,32,
2046	9,17,
2047	5,
2048	9,20,21,31,32,
2049	43,
2050	4,17,
2051	2,40,
2052	33,
2053	21,
2054	49,
2055	6,
2056	12,48,
2057	1,25,31,43,
2058	7,8,
2059	8,10,11,17,42,
2060	28,29,2,
2061	14,31,
2062	8,14,32,
2063	49,46,9,
2064	19,21,27,
2065	31,8,
2066	14,47,
2067	49,
2068	3,11,21,
2069	23,31,
2070	17,37,46,
2071	30,
2072	43,45,
2073	47,
2074	11,22,31,36,
2075	9,11,14,18,33,
2076	2,26,33,
2077	3,16,
2078	5,24,32,
2079	9,27,48,
2080	12,13,48,
2081	6,27,37,38,
2082	20,31,49,
2083	5,25,
2084	37,
2085	38,44,
2086	5,
2087	6,28,46,
2088	4,
2089	6,41,
2090	38,23,
2091	8,45,46,
2092	10,20,47,
2093	14,
2094	2,
2095	5,8,43,49,
2096	28,40,
2097	49,
2098	32,
2099	5,25,
2100	3,37,
2101	41,
2102	43,17,34,
2103	2,12,45,
2104	32,
2105	2,15,
2106	0,36,
2107	40,
2108	11,22,
2109	32,
2110	24,39,
2111	3,14,18,38,48,
2112	3,
2113	1,
2114	16,30,46,
2115	12,27,44,
2116	45,
2117	14,33,
2118	11,4,
2119	10,21,24,
2120	4,5,49,
2121	17,
2122	21,26,
2123	23,26,38,
2124	32,
2125	11,13,22,32,
2126	48,
2127	11,15,29,40,
2128	31,22,37,
2129	17,38,
2130	4,
2131	21,
2132	0,7,22,37,45,
2133	1,14,
2134	28,
2135	48,23,30,
2136	31,
2137	2,12,25,35,
2138	9,19,
2139	10,28,
2140	24,
2141	6,20,47,
2142	42,
2143	39,
2144	37,3,
2145	1,5,8,14,16,38,39,
2146	15,31,48,
2147	49,
2148	48,
2149	19,42,
2150	12,29,34,35,
2151	3,
2152	37,38,
2153	18,35,
2154	11,18,23,33,
2155	20,35,
2156	23,26,
2157	16,17,
2158	18,27,
2159	6,20,
2160	9,42,
2161	15,29,32,36,
2162	38,44,
2163	16,
2164	10,49,
2165	4,21,41,
2166	15,20,36,
2167	11,12,19,37,
2168	8,13,41,
2169	15,18,
2170	30,
2171	24,44,
2172	7,20,47,
2173	10,
2174	9,30,
2175	37,40,
2176	4,40,
2177	4,49,
2178	0,2,30,33,
2179	39,
2180	41,
2181	18,36,
2182	6,42,
2183	4,21,33,48,
2184	4,29,33,
2185	25,37,38,46,
2186	8,24,
2187	22,
2188	6,26,
2189	4,45,
2190	30,
2191	45,
2192	43,
2193	0,1,3,12,13,20,
2194	29,48,
2195	11,39,
2196	14,
2197	31,
2198	11,
2199	2,20,46,
2200	8,22,35,
2201	42,49,
2202	3,
2203	25,
2204	37,41,
2205	13,41,
2206	22,45,
2207	23,
2208	17,18,19,49,
2209	45,17,
2210	33,38,44,
2211	2,9,32,45,
2212	25,37,39,
2213	24,34,
2214	7,32,
2215	20,25,44,
2216	36,47,
2217	0,3,35,
2218	48,
2219	27,
2220	3,5,10,35,
2221	1,41,
2222	27,31,43,
2223	1,16,25,27,46,
2224	22,37,
2225	14,44,
2226	21,7,9,
2227	45,
2228	12,
2229	37,
2230	3,42,
2231	6,28,47,
2232	1,6,21,
2233	3,13,29,32,
2234	23,29,
2235	31,48,
2236	33,46,
2237	3,12,18,31,40,
2238	14,16,17,45,
2239	12,24,37,45,
2240	39,17,12,
2241	20,12,
2242	4,20,
2243	7,16,21,26,
2244	14,
2245	1,24,26,
2246	5,13,27,31,
2247	42,
2248	37,47,
2249	2,27,
2250	11,16,27,40,48,
2251	2,49,
2252	9,29,
2253	18,
2254	2,3,17,
2255	25,
2256	40,
2257	4,34,43,
2258	0,16,
2259	5,20,38,
2260	3,13,15,
2261	39,
2262	0,5,12,
2263	43,
2264	28,
2265	32,
2266	5,
2267	10,
2268	6,9,40,
2269	3,21,44,
2270	0,10,
2271	5,33,
2272	48,
2273	17,
2274	9,19,20,42,
2275	13,18,23,
2276	35,38,49,
2277	12,45,
2278	0,43,
2279	25,34,48,
2280	39,
2281	29,
2282	2,26,
2283	35,43,
2284	35,47,
2285	4,20,
2286	1,40,45,
2287	34,3,21,
2288	1,9,
2289	35,39,46,
2290	0,11,16,
2291	21,24,
2292	27,34,39,
2293	5,17,40,42,43,
2294	36,
2295	17,25,32,
2296	44,
2297	20,
2298	16,26,
2299	38,43,
2300	2,
2301	16,
2302	7,
2303	1,8,22,23,45,
2304	14,
2305	43,44,
2306	14,34,7,
2307	35,37,11,
2308	49,
2309	2,4,29,
2310	16,35,
2311	1,22,33,
2312	17,
2313	4,
2314	9,25,30,
2315	26,33,
2316	25,47,
2317	12,
2318	4,37,40,42,
2319	3,15,16,20,33,42,
2320	18,42,
2321	23,35,
2322	11,26,
2323	5,
2324	20,32,38,
2325	12,26,
2326	48,
2327	27,
2328	19,42,
2329	13,18,21,32,44,
2330	6,3,1,
2331	0,
2332	10,26,45,
2333	16,
2334	26,48,14,
2335	18,37,38,44,
2336	18,43,
2337	3,5,24,33,41,
2338	1,18,34,
2339	25,
2340	18,
2341	25,
2342	35,
2343	10,15,20,46,
2344	32,49,
2345	31,32,
2346	26,31,47,
2347	32,
2348	3,
2349	11,34,41,
2350	39,
2351	29,33,
2352	1,48,
2353	18,31,48,
2354	11,21,33,
2355	29,35,36,
2356	23,40,
2357	36,
2358	43,35,
2359	5,7,31,
2360	31,
2361	7,38,
2362	23,41,
2363	11,27,
2364	32,
2365	15,20,25,
2366	4,10,18,43,
2367	48,
2368	3,37,40,
2369	31,43,
2370	36,
2371	43,
2372	11,39,47,
2373	45,46,
2374	44,
2375	28,
2376	45,
2377	1,4,28,
2378	13,41,
2379	15,37,41,
2380	6,
2381	47,
2382	43,
2383	34,46,
2384	27,
2385	18,27,35,
2386	22,
2387	6,9,43,46,
2388	1,14,23,42,
2389	22,
2390	8,
2391	32,43,
2392	32,41,
2393	2,18,23,41,
2394	13,
2395	16,26,32,49,
2396	49,
2397	7,4,
2398	23,
2399	0,
2400	11,
2401	0,32,
2402	40,5,
2403	4,48,
2404	7,8,
2405	22,
2406	16,20,
2407	0,41,
2408	34,37,39,
2409	48,
2410	35,
2411	24,40,43,
2412	28,
2413	39,
2414	19,34,
2415	3,32,
2416	44,
2417	38,
2418	2,16,37,
2419	5,
2420	40,4,
2421	11,37,
2422	24,33,
2423	37,
2424	18,
2425	18,45,
2426	7,18,48,
2427	41,
2428	37,39,
2429	7,11,27,31,39,44,
2430	9,41,
2431	15,16,20,
2432	9,27,38,
2433	18,45,48,
2434	33,
2435	23,48,
2436	24,6,
2437	13,43,
2438	1,2,
2439	8,38,
2440	10,
2441	21,
2442	9,32,
2443	13,43,29,
2444	11,
2445	11,29,
2446	11,13,
2447	10,15,24,39,
2448	17,
2449	24,12,11,
2450	4,37,
2451	19,37,41,
2452	11,38,
2453	3,5,11,45,48,
2454	33,
2455	6,40,47,
2456	46,
2457	2,14,33,42,
2458	43,46,
2459	30,
2460	8,20,34,
2461	26,44,
2462	7,12,21,39,43,49,
2463	2,10,49,
2464	19,41,
2465	8,
2466	3,45,
2467	48,
2468	5,36,46,
2469	40,
2470	28,
2471	13,
2472	23,32,
2473	0,
2474	20,
2475	5,9,21,
2476	6,9,28,
2477	27,
2478	9,
2479	1,5,
2480	10,
2481	17,
2482	3,15,22,37,
2483	6,
2484	33,46,
2485	29,
2486	15,
2487	5,15,46,
2488	43,
2489	1,5,
2490	4,46,
2491	18,
2492	33,
2493	11,17,40,41,
2494	21,30,
2495	38,
2496	4,
2497	7,31,42,
2498	32,
2499	2,4,37,38,46,
2500	9,16,
2501	11,49,
2502	30,46,
2503	12,13,40,42,
2504	2,37,
2505	4,
2506	1,4,5,6,15,19,38,41,49,
2507	25,
2508	16,45,
2509	36,15,25,
2510	45,49,
2511	4,7,39,
2512	17,46,
2513	6,
2514	36,37,
2515	4,
2516	11,29,
2517	35,
2518	13,14,29,30,
2519	14,26,35,46,47,
2520	40,
2521	10,36,43,
2522	25,0,24,
2523	42,
2524	25,8,14,
2525	27,44,47,
2526	7,37,
2527	12,16,20,23,36,
2528	24,31,32,
2529	16,
2530	3,27,34,
2531	9,
2532	39,48,
2533	31,8,17,
2534	7,26,35,
2535	22,37,
2536	14,20,
2537	34,29,
2538	4,44,45,
2539	23,
2540	9,14,31,
2541	7,9,16,35,49,
2542	14,
2543	12,31,33,34,
2544	31,48,
2545	5,40,
2546	30,35,
2547	19,25,
2548	0,21,
2549	3,
2550	1,31,33,
2551	30,36,39,
2552	16,31,40,
2553	3,6,
2554	22,40,41,
2555	8,45,
2556	6,48,
2557	11,
2558	37,
2559	3,
2560	47,
2561	4,46,48,
2562	1,
2563	16,
2564	19,24,26,47,
2565	33,48,
2566	10,14,21,40,
2567	7,35,
2568	5,35,
2569	6,12,28,
2570	25,15,14,
2571	14,47,
2572	20,34,39,45,
2573	3,33,
2574	45,17,
2575	1,3,26,34,40,
2576	24,35,4,
2577	4,12,15,21,43,47,
2578	3,4,
2579	2,17,25,42,
2580	11,48,
2581	40,
2582	36,37,38,41,
2583	37,
2584	28,39,
2585	33,
2586	6,20,
2587	37,
2588	15,
2589	6,37,
2590	10,16,36,
2591	25,
2592	17,41,
2593	3,7,10,17,46,
2594	5,16,34,37,
2595	2,3,9,26,28,35,41,48,
2596	34,
2597	12,22,35,42,
2598	17,31,
2599	9,39,16,
2600	39,41,45,
2601	25,38,
2602	18,
2603	44,
2604	33,
2605	15,42,
2606	48,
2607	1,31,38,
2608	8,23,
2609	25,
2610	31,
2611	1,41,13,
2612	15,24,40,46,
2613	4,43,49,
2614	6,33,
2615	16,35,
2616	2,21,
2617	13,21,
2618	12,31,
2619	0,38,41,
2620	33,
2621	9,14,
2622	12,25,
2623	11,47,
2624	32,
2625	13,
2626	12,38,41,
2627	6,8,12,13,15,36,39,
2628	4,11,22,29,47,
2629	7,
2630	0,38,
2631	17,45,
2632	16,21,22,27,35,
2633	6,47,
2634	9,39,47,
2635	30,
2636	27,
2637	20,41,
2638	8,17,
2639	20,26,33,47,
2640	3,12,17,
2641	14,24,9,
2642	26,21,
2643	4,7,
2644	11,
2645	19,20,
2646	8,41,42,
2647	35,
2648	8,25,
2649	10,
2650	25,43,
2651	33,35,
2652	4,40,47,48,
2653	12,16,36,46,
2654	9,16,23,30,36,
2655	42,44,
2656	1,30,44,
2657	1,3,11,21,40,
2658	0,40,
2659	9,27,
2660	7,29,33,
2661	36,
2662	38,
2663	3,39,
2664	20,22,27,38,
2665	44,
2666	5,
2667	2,
2668	17,33,
2669	36,
2670	22,28,
2671	9,
2672	17,21,33,41,42,
2673	26,44,
2674	16,34,
2675	44,49,
2676	3,30,46,
2677	6,12,
2678	32,42,
2679	6,37,
2680	16,
2681	12,
2682	0,1,45,
2683	9,
2684	9,17,39,
2685	13,
2686	10,8,
2687	13,
2688	38,41,
2689	16,23,25,
2690	18,
2691	35,
2692	18,
2693	6,7,
2694	17,38,
2695	49,
2696	23,26,
2697	12,32,
2698	2,16,25,43,
2699	18,20,
2700	18,30,42,
2701	20,
2702	17,20,36,43,
2703	41,
2704	8,16,18,
2705	31,45,
2706	12,
2707	26,43,
2708	26,16,
2709	35,42,47,
2710	37,40,
2711	30,
2712	1,27,43,
2713	21,
2714	20,
2715	35,
2716	48,
2717	41,42,
2718	19,38,
2719	4,24,35,
2720	1,13,21,31,46,
2721	18,40,
2722	25,5,37,
2723	21,22,
2724	14,
2725	33,39,
2726	42,48,13,
2727	16,
2728	2,22,31,38,40,
2729	11,
2730	5,10,18,25,
2731	5,34,
2732	31,40,
2733	1,7,20,30,
2734	22,
2735	19,22,
2736	17,27,28,47,
2737	31,
2738	38,25,28,
2739	2,18,22,42,45,
2740	42,49,
2741	19,46,
2742	12,35,
2743	13,15,
2744	0,
2745	4,
2746	4,39,41,
2747	2,40,
2748	28,43,18,
2749	0,25,35,40,
2750	8,19,28,
2751	4,
2752	3,7,43,
2753	34,46,
2754	3,43,
2755	11,17,20,21,45,48,
2756	45,
2757	10,14,32,
2758	10,35,
2759	48,
2760	38,
2761	44,
2762	15,
2763	3,16,33,37,
2764	3,4,46,
2765	26,
2766	15,39,
2767	18,40,
2768	15,26,40,
2769	9,17,20,38,48,
2770	28,32,45,
2771	3,
2772	45,
2773	30,
2774	6,
2775	28,13,
2776	30,35,45,
2777	42,39,
2778	3,5,18,33,41,
2779	4,10,13,29,37,48,49,
2780	16,
2781	49,32,
2782	15,
2783	43,32,
2784	11,12,
2785	2,15,
2786	13,46,
2787	4,
2788	36,47,
2789	16,
2790	12,23,48,
2791	0,5,23,
2792	1,4,48,
2793	13,32,
2794	42,
2795	48,
2796	18,25,
2797	2,35,41,
2798	2,14,35,38,40,45,48,
2799	0,37,
2800	11,13,15,43,
2801	4,36,
2802	22,33,44,
2803	4,33,
2804	32,
2805	16,18,
2806	11,20,
2807	9,34,
2808	18,42,
2809	12,35,40,
2810	41,
2811	8,
2812	9,
2813	18,43,
2814	10,34,
2815	4,7,9,11,13,40,44,
2816	46,
2817	13,23,27,42,
2818	13,22,41,
2819	34,
2820	20,30,24,
2821	13,46,
2822	0,7,17,48,
2823	17,45,
2824	33,
2825	5,40,
2826	9,
2827	2,14,
2828	27,
2829	12,28,
2830	25,6,
2831	33,
2832	10,18,27,
2833	8,9,17,40,
2834	17,48,
2835	23,
2836	23,38,
2837	6,
2838	33,37,
2839	7,44,
2840	6,40,42,
2841	26,
2842	43,
2843	0,30,2,
2844	6,12,19,47,
2845	21,
2846	28,
2847	0,11,33,39,40,
2848	4,16,37,
2849	2,18,
2850	18,33,39,
2851	16,22,45,48,
2852	37,42,
2853	42,
2854	27,
2855	40,41,
2856	43,
2857	31,39,
2858	21,26,40,
2859	3,17,26,32,34,35,39,42,
2860	21,
2861	46,4,44,
2862	16,20,21,36,
2863	41,
2864	37,
2865	31,
2866	43,
2867	39,
2868	13,9,49,
2869	0,46,47,
2870	8,12,26,38,
2871	18,25,42,
2872	18,31,44,
2873	3,20,43,
2874	40,
2875	9,28,
2876	6,
2877	5,26,
2878	30,
2879	20,45,
2880	10,28,
2881	26,35,39,
2882	3,7,39,
2883	22,37,
2884	13,22,23,
2885	20,
2886	21,
2887	3,8,18,23,36,
2888	12,27,28,33,49,
2889	12,37,
2890	39,42,
2891	1,20,
2892	5,
2893	2,3,31,
2894	19,
2895	46,48,
2896	7,14,23,
2897	27,
2898	20,21,23,
2899	28,
2900	4,34,36,47,
2901	23,
2902	6,31,44,
2903	9,21,
2904	21,41,48,
2905	3,10,33,
2906	19,20,44,48,
2907	28,
2908	31,39,
2909	14,25,31,34,
2910	30,
2911	21,
2912	2,
2913	43,
2914	3,24,38,
2915	3,
2916	3,14,18,26,
2917	8,
2918	46,44,11,
2919	36,
2920	8,
2921	17,
2922	0,15,19,27,36,42,
2923	23,38,
2924	1,29,
2925	46,
2926	20,
2927	18,4,5,
2928	19,
2929	0,21,38,42,
2930	38,
2931	25,
2932	0,16,38,49,
2933	30,
2934	49,
2935	8,42,
2936	20,38,
2937	44,
2938	28,
2939	20,47,
2940	5,37,38,
2941	46,
2942	42,40,39,
2943	20,49,
2944	20,
2945	30,32,
2946	42,
2947	5,7,33,43,48,
2948	46,22,30,
2949	6,22,23,
2950	5,11,16,18,36,
2951	28,
2952	7,13,22,38,
2953	31,
2954	9,20,33,
2955	1,3,
2956	5,10,19,34,38,
2957	1,16,
2958	46,
2959	20,23,30,
2960	8,
2961	4,
2962	9,26,36,
2963	46,
2964	40,
2965	6,16,
2966	18,39,
2967	32,
2968	18,
2969	9,40,
2970	16,41,4,
2971	23,30,
2972	37,
2973	34,43,45,
2974	16,41,15,
2975	21,33,
2976	7,10,21,22,35,
2977	26,28,49,
2978	12,34,
2979	6,18,28,46,
2980	33,38,
2981	29,
2982	0,6,8,9,44,
2983	33,39,
2984	0,1,20,23,48,
2985	11,28,40,
2986	4,8,17,19,35,
2987	27,31,40,
2988	5,13,
2989	18,
2990	34,1,4,
2991	24,
2992	3,30,
2993	5,47,
2994	0,33,36,
2995	6,31,43,49,
2996	49,
2997	47,
2998	1,26,47,
2999	35,
3000	41,45,
3001	6,42,
3002	19,30,
3003	7,12,17,43,
3004	40,49,
3005	40,
3006	4,21,
3007	10,28,49,
3008	13,
3009	10,49,
3010	2,42,
3011	1,
3012	18,22,40,
3013	29,31,44,
3014	8,33,
3015	10,16,22,
3016	31,41,
3017	6,12,14,16,
3018	43,
3019	37,
3020	0,33,
3021	29,34,38,39,41,
3022	11,20,29,33,
3023	20,49,
3024	44,
3025	32,
3026	4,44,49,
3027	5,10,41,
3028	0,
3029	9,34,39,
3030	3,16,
3031	39,
3032	24,26,30,
3033	0,
3034	8,36,
3035	4,18,35,42,
3036	23,42,45,
3037	46,
3038	3,16,37,
3039	1,28,36,42,
3040	9,42,
3041	13,34,35,46,
3042	11,
3043	48,
3044	34,48,
3045	32,40,
3046	1,10,16,
3047	34,
3048	9,36,
3049	11,
3050	16,
3051	8,5,
3052	5,24,31,32,34,35,37,
3053	49,
3054	12,26,29,
3055	0,44,
3056	4,
3057	8,
3058	15,23,
3059	4,6,30,
3060	20,39,43,
3061	30,
3062	15,6,
3063	21,
3064	43,
3065	22,23,35,
3066	4,33,13,
3067	1,11,21,30,36,
3068	46,
3069	15,33,
3070	32,39,
3071	36,
3072	6,31,
3073	18,
3074	1,31,
3075	20,
3076	48,
3077	25,34,
3078	12,21,44,45,
3079	9,38,41,45,
3080	33,42,
3081	8,9,17,49,
3082	9,
3083	2,44,
3084	1,5,18,20,31,
3085	2,38,40,45,
3086	0,5,24,41,
3087	13,
3088	15,24,43,
3089	41,
3090	16,48,
3091	31,44,
3092	0,8,37,
3093	4,10,27,
3094	33,
3095	19,21,24,35,
3096	1,7,29,38,
3097	2,3,
3098	3,6,38,
3099	19,41,
3100	29,36,44,
3101	24,34,
3102	45,5,
3103	27,41,
3104	5,14,16,
3105	4,27,
3106	22,41,
3107	1,21,25,
3108	33,
3109	18,
3110	1,24,
3111	3,28,38,
3112	1,
3113	13,18,37,
3114	9,18,
3115	2,32,
3116	35,
3117	7,
3118	33,41,
3119	2,34,
3120	22,41,45,
3121	19,36,
3122	17,22,49,
3123	13,39,43,
3124	24,25,29,35,
3125	5,47,
3126	9,33,
3127	16,23,26,46,
3128	25,40,
3129	4,
3130	34,
3131	5,38,
3132	22,32,44,
3133	13,
3134	8,47,
3135	26,31,
3136	6,
3137	0,8,36,
3138	33,39,44,48,
3139	37,
3140	28,40,
3141	27,40,
3142	14,25,33,
3143	29,44,
3144	2,39,
3145	17,46,
3146	7,
3147	13,
3148	8,1,49,
3149	12,46,
3150	5,39,48,
3151	42,
3152	7,28,
3153	36,
3154	2,21,27,
3155	3,30,
3156	12,18,
3157	19,46,
3158	47,
3159	10,12,40,
3160	13,44,45,
3161	8,
3162	0,42,48,
3163	21,
3164	20,26,28,
3165	6,14,43,
3166	19,
3167	38,44,
3168	41,16,
3169	2,13,17,25,
3170	27,19,
3171	5,12,44,
3172	15,18,33,41,
3173	33,
3174	39,30,44,
3175	12,23,24,39,
3176	10,18,
3177	33,
3178	38,
3179	2,20,21,
3180	34,
3181	24,
3182	44,
3183	5,16,
3184	11,
3185	29,10,22,
3186	1,25,
3187	5,19,
3188	31,35,
3189	20,30,31,
3190	0,
3191	33,
3192	23,
3193	30,
3194	5,34,45,
3195	45,1,30,
3196	23,32,
3197	39,
3198	21,25,39,
3199	2,18,26,
3200	46,
3201	30,
3202	2,13,
3203	5,
3204	4,17,25,
3205	11,12,30,
3206	29,
3207	0,4,
3208	3,26,
3209	22,15,24,
3210	7,
3211	45,
3212	11,39,3,
3213	0,8,15,
3214	3,6,41,
3215	2,15,
3216	40,28,34,
3217	8,16,
3218	12,38,45,
3219	14,15,37,40,47,
3220	27,49,
3221	17,19,28,30,
3222	22,23,42,
3223	27,
3224	23,46,6,
3225	6,9,
3226	49,39,16,
3227	24,48,
3228	14,
3229	26,15,
3230	25,45,
3231	9,
3232	40,46,
3233	5,47,
3234	21,
3235	7,29,
3236	34,46,48,
3237	12,
3238	21,47,49,
3239	45,
3240	8,
3241	4,11,48,
3242	12,19,
3243	1,12,31,
3244	30,32,
3245	1,34,
3246	32,
3247	9,0,41,
3248	14,16,48,
3249	16,29,38,44,
3250	16,31,
3251	38,
3252	19,39,46,
3253	11,43,
3254	6,
3255	4,35,39,
3256	21,39,
3257	29,31,
3258	11,
3259	3,5,
3260	31,39,
3261	7,18,24,33,
3262	10,16,36,
3263	3,
3264	9,
3265	6,10,32,
3266	15,
3267	4,7,8,36,
3268	14,20,30,
3269	0,48,
3270	28,
3271	10,17,37,
3272	7,42,49,
3273	3,12,21,46,
3274	4,12,
3275	3,12,15,19,
3276	38,46,
3277	36,
3278	14,17,
3279	20,49,
3280	2,
3281	1,22,6,
3282	25,34,37,38,41,
3283	16,35,
3284	26,
3285	21,30,
3286	3,45,47,48,
3287	34,28,17,
3288	13,20,25,33,
3289	38,45,
3290	14,
3291	11,15,
3292	21,
3293	31,
3294	12,37,
3295	16,45,
3296	3,
3297	1,7,14,47,
3298	5,24,
3299	10,
3300	34,45,
3301	24,35,44,
3302	17,18,20,
3303	7,46,
3304	17,
3305	24,
3306	16,43,
3307	13,45,
3308	4,38,41,
3309	36,
3310	3,26,
3311	6,
3312	25,47,
3313	27,
3314	14,20,24,
3315	11,9,
3316	11,28,36,
3317	3,15,
3318	21,
3319	14,23,
3320	17,29,
3321	40,26,17,
3322	7,
3323	27,35,
3324	8,20,
3325	26,33,39,
3326	47,
3327	13,26,
3328	6,12,36,
3329	47,48,
3330	36,41,45,
3331	8,25,35,
3332	10,46,
3333	8,
3334	20,21,27,
3335	34,
3336	6,8,15,23,31,
3337	19,47,
3338	48,
3339	6,12,29,34,41,43,
3340	19,27,28,33,
3341	26,49,
3342	32,
3343	48,
3344	19,24,40,49,
3345	14,48,45,
3346	45,48,
3347	9,43,
3348	10,22,
3349	13,28,
3350	26,
3351	12,39,
3352	47,
3353	49,
3354	18,20,41,
3355	29,44,42,
3356	45,40,20,
3357	1,28,31,
3358	29,39,
3359	34,
3360	11,
3361	11,42,
3362	38,
3363	20,40,
3364	4,12,16,32,
3365	42,
3366	34,
3367	17,23,
3368	3,
3369	34,47,
3370	18,19,
3371	16,43,
3372	0,
3373	25,
3374	11,12,13,42,
3375	47,
3376	33,
3377	0,14,31,37,
3378	28,
3379	16,
3380	11,
3381	10,
3382	4,26,
3383	0,49,
3384	11,
3385	26,41,
3386	26,43,
3387	1,
3388	9,22,45,
3389	38,
3390	5,16,39,
3391	24,27,
3392	15,37,39,41,44,
3393	9,
3394	2,31,
3395	13,
3396	22,23,24,
3397	4,10,
3398	20,30,
3399	4,47,
3400	3,25,
3401	8,44,45,
3402	3,6,11,43,
3403	7,16,
3404	4,8,12,
3405	18,
3406	8,15,48,
3407	47,
3408	26,33,39,
3409	9,31,38,39,
3410	41,43,
3411	47,
3412	8,16,18,
3413	10,
3414	5,38,39,
3415	9,
3416	25,42,
3417	9,22,38,
3418	40,
3419	45,
3420	45,
3421	39,
3422	3,38,
3423	13,25,
3424	13,39,
3425	18,39,40,
3426	4,
3427	16,
3428	30,39,
3429	35,
3430	0,3,22,
3431	3,11,
3432	4,25,28,
3433	5,29,48,
3434	27,30,17,
3435	7,
3436	0,4,9,31,39,41,47,
3437	49,
3438	43,
3439	21,
3440	19,46,
3441	18,
3442	1,37,49,
3443	15,33,
3444	45,
3445	0,34,
3446	5,
3447	38,
3448	12,
3449	33,37,
3450	18,2,1,
3451	2,25,31,34,43,
3452	1,15,29,
3453	20,45,
3454	32,
3455	22,44,
3456	24,
3457	20,
3458	12,
3459	8,18,36,46,
3460	23,33,45,
3461	7,28,
3462	36,
3463	33,41,
3464	28,34,
3465	22,35,
3466	43,49,
3467	0,
3468	16,17,
3469	19,31,
3470	47,19,46,
3471	5,8,9,10,
3472	0,10,12,29,
3473	13,
3474	0,34,46,
3475	14,39,
3476	11,37,
3477	16,18,26,45,
3478	9,22,
3479	2,13,23,
3480	9,27,
3481	12,31,
3482	8,41,49,
3483	5,36,37,43,
3484	42,
3485	25,32,43,
3486	28,
3487	35,
3488	2,18,
3489	14,38,
3490	5,13,
3491	9,33,46,
3492	4,9,22,
3493	42,
3494	37,40,43,
3495	38,
3496	2,47,30,
3497	45,48,
3498	38,44,
3499	28,30,39,42,
3500	22,25,
3501	35,
3502	21,
3503	46,
3504	11,
3505	17,41,43,
3506	27,42,
3507	11,12,30,
3508	33,38,
3509	35,
3510	3,21,45,
3511	44,46,
3512	0,32,
3513	10,27,47,
3514	46,
3515	6,7,
3516	13,
3517	31,
3518	6,11,
3519	15,48,
3520	3,16,32,39,
3521	42,
3522	0,43,
3523	45,
3524	16,21,28,30,39,
3525	10,
3526	2,37,
3527	27,39,47,
3528	46,
3529	48,
3530	12,40,
3531	3,37,
3532	41,
3533	42,48,
3534	44,47,
3535	18,22,36,
3536	4,20,35,49,
3537	6,25,33,
3538	47,48,
3539	49,
3540	37,
3541	13,
3542	49,
3543	17,
3544	3,6,38,39,
3545	1,3,31,44,
3546	1,
3547	31,34,
3548	1,9,12,
3549	23,40,
3550	20,27,
3551	5,
3552	9,44,47,
3553	23,49,
3554	12,37,39,46,
3555	9,13,23,40,
3556	42,46,
3557	35,23,
3558	6,
3559	16,43,
3560	28,21,
3561	14,
3562	38,43,
3563	14,
3564	35,
3565	48,
3566	14,31,
3567	2,13,42,
3568	0,
3569	41,48,
3570	40,
3571	8,
3572	23,15,4,
3573	27,
3574	9,16,34,38,
3575	18,49,
3576	20,22,36,
3577	8,31,
3578	48,
3579	39,
3580	32,
3581	13,22,
3582	16,
3583	6,21,29,
3584	19,23,
3585	41,44,
3586	36,37,38,49,
3587	0,18,42,
3588	12,
3589	18,20,
3590	1,23,30,
3591	19,41,
3592	11,29,48,
3593	27,36,
3594	19,21,22,
3595	20,28,29,
3596	0,44,
3597	20,
3598	38,42,
3599	45,
3600	3,
3601	20,45,
3602	33,
3603	11,18,
3604	24,
3605	11,13,34,35,
3606	17,
3607	6,9,33,
3608	8,16,35,49,
3609	15,43,
3610	32,30,
3611	20,15,
3612	11,24,
3613	39,
3614	5,23,
3615	39,47,
3616	11,29,47,
3617	10,11,
3618	20,
3619	25,
3620	41,
3621	36,
3622	47,
3623	2,33,
3624	35,44,
3625	44,
3626	7,10,
3627	4,46,
3628	11,30,
3629	20,24,
3630	23,35,
3631	33,43,
3632	21,
3633	5,37,
3634	11,18,27,31,
3635	40,45,
3636	10,
3637	39,
3638	20,42,
3639	12,44,48,
3640	29,49,
3641	22,31,12,
3642	20,
3643	14,25,36,41,45,
3644	0,30,47,
3645	18,
3646	16,27,
3647	24,
3648	9,10,19,44,
3649	9,8,36,
3650	46,
3651	3,17,34,
3652	33,36,
3653	3,18,
3654	12,
3655	7,11,33,35,42,
3656	5,24,
3657	7,14,40,
3658	25,47,
3659	12,16,35,
3660	46,
3661	14,19,
3662	26,31,37,
3663	7,25,
3664	38,8,37,
3665	7,29,31,
3666	25,
3667	22,
3668	34,44,
3669	18,46,
3670	32,
3671	8,42,22,
3672	21,
3673	7,24,
3674	4,21,
3675	31,
3676	11,25,
3677	16,20,
3678	10,23,32,44,46,
3679	16,17,31,33,41,
3680	18,35,42,49,
3681	40,44,48,
3682	21,23,22,
3683	37,39,49,
3684	39,49,
3685	42,44,
3686	20,35,41,
3687	6,13,28,31,45,
3688	8,15,
3689	14,18,31,
3690	21,25,40,
3691	38,39,41,
3692	4,18,19,23,29,
3693	6,11,
3694	19,46,
3695	2,
3696	49,
3697	19,32,
3698	5,15,
3699	46,22,0,
3700	7,24,36,
3701	44,49,
3702	47,
3703	0,
3704	9,13,19,25,
3705	0,3,14,17,
3706	34,
3707	8,40,
3708	3,13,35,
3709	22,23,27,
3710	18,
3711	43,
3712	30,
3713	10,23,
3714	33,44,
3715	22,
3716	9,27,36,45,46,
3717	45,
3718	16,45,49,
3719	10,25,32,
3720	3,47,
3721	15,30,
3722	37,42,9,
3723	10,
3724	1,16,46,
3725	3,20,24,46,
3726	3,6,49,
3727	4,38,
3728	4,49,
3729	9,25,40,
3730	40,36,
3731	11,29,
3732	3,
3733	2,
3734	12,26,48,
3735	11,39,41,
3736	16,6,
3737	35,
3738	40,41,46,
3739	13,15,22,
3740	4,16,18,31,35,37,47,
3741	20,
3742	11,16,28,34,
3743	14,
3744	47,
3745	2,31,
3746	10,20,45,
3747	26,27,
3748	34,
3749	5,
3750	21,44,30,
3751	45,
3752	42,6,22,
3753	11,21,31,
3754	4,13,
3755	48,
3756	7,21,39,
3757	10,
3758	5,23,34,36,42,
3759	35,
3760	35,45,
3761	5,33,39,
3762	40,
3763	34,35,
3764	38,30,
3765	1,33,
3766	12,19,
3767	3,15,17,41,
3768	37,
3769	39,
3770	1,19,
3771	4,26,37,
3772	0,
3773	9,
3774	34,36,37,
3775	3,
3776	5,32,40,
3777	11,12,45,
3778	9,19,
3779	28,42,46,
3780	24,
3781	6,18,19,
3782	9,
3783	3,11,32,
3784	29,41,
3785	48,47,23,
3786	22,48,
3787	41,
3788	2,24,
3789	44,
3790	10,23,33,41,
3791	31,
3792	46,
3793	10,45,
3794	3,
3795	13,
3796	32,
3797	5,
3798	36,
3799	1,2,19,
3800	34,
3801	30,
3802	1,
3803	15,
3804	4,
3805	17,
3806	7,9,19,27,30,46,
3807	3,
3808	6,46,49,
3809	20,31,46,
3810	23,9,30,
3811	23,41,
3812	33,49,
3813	6,20,
3814	1,3,24,
3815	22,34,
3816	28,32,
3817	4,34,
3818	29,
3819	48,
3820	4,18,19,35,
3821	26,47,
3822	43,
3823	26,11,
3824	4,43,
3825	19,27,
3826	4,
3827	43,45,
3828	5,13,20,44,47,
3829	12,34,
3830	27,35,
3831	29,
3832	7,
3833	11,16,32,
3834	21,
3835	33,47,
3836	9,25,26,46,
3837	29,34,37,
3838	40,6,28,
3839	10,26,41,49,
3840	4,
3841	20,36,
3842	8,39,15,
3843	6,37,
3844	15,
3845	5,39,
3846	19,31,40,
3847	8,30,38,
3848	32,
3849	4,48,
3850	7,11,
3851	4,17,19,
3852	11,14,36,
3853	20,29,33,
3854	37,
3855	13,
3856	4,
3857	6,44,
3858	8,
3859	30,7,
3860	23,29,
3861	22,11,
3862	40,
3863	1,26,31,
3864	4,
3865	43,
3866	33,
3867	16,
3868	14,15,
3869	28,40,49,
3870	40,30,34,
3871	0,49,10,
3872	26,
3873	11,39,
3874	45,
3875	16,28,37,49,
3876	10,40,
3877	9,14,27,32,
3878	6,18,43,
3879	19,
3880	12,19,21,36,37,47,
3881	13,30,41,
3882	1,29,
3883	36,40,35,
3884	11,19,37,38,
3885	33,46,
3886	20,24,38,43,
3887	3,4,9,20,48,
3888	46,
3889	19,45,
3890	11,26,29,
3891	11,20,33,48,
3892	0,2,
3893	0,29,31,34,
3894	37,48,36,
3895	2,19,
3896	43,19,0,
3897	18,
3898	6,10,30,41,
3899	48,
3900	3,17,31,32,
3901	25,
3902	5,13,44,
3903	3,21,30,42,
3904	19,48,
3905	41,
3906	10,36,
3907	16,41,46,
3908	13,
3909	6,
3910	17,
3911	8,
3912	4,20,44,48,
3913	14,27,
3914	20,29,
3915	2,3,9,13,36,37,
3916	8,11,13,34,44,48,
3917	25,35,41,
3918	32,35,
3919	11,22,45,
3920	2,20,36,49,
3921	38,
3922	5,15,36,41,
3923	21,
3924	43,25,22,
3925	12,14,15,
3926	11,26,27,
3927	47,
3928	12,
3929	19,
3930	11,17,
3931	38,40,42,
3932	10,
3933	38,41,48,
3934	22,
3935	5,
3936	32,
3937	9,27,36,
3938	18,
3939	17,41,
3940	36,
3941	3,27,
3942	6,38,45,
3943	49,
3944	29,39,
3945	5,
3946	18,19,22,28,36,38,
3947	34,
3948	40,
3949	23,32,46,
3950	40,45,23,
3951	0,7,32,
3952	5,20,
3953	33,47,
3954	18,24,27,31,42,
3955	14,45,
3956	5,26,
3957	17,28,
3958	21,22,32,
3959	7,19,28,30,
3960	45,
3961	19,36,
3962	40,5,
3963	35,
3964	6,18,20,44,
3965	11,33,
3966	29,
3967	20,48,39,
3968	8,28,43,
3969	12,32,
3970	37,
3971	16,49,
3972	23,
3973	11,
3974	10,30,
3975	18,42,
3976	7,47,
3977	17,
3978	4,48,
3979	29,30,35,
3980	1,23,
3981	25,
3982	4,18,5,
3983	15,
3984	41,
3985	15,44,
3986	42,
3987	8,19,38,
3988	38,40,
3989	2,13,30,
3990	5,16,
3991	22,
3992	12,30,43,
3993	5,11,16,
3994	12,
3995	8,14,20,
3996	25,39,40,48,
3997	25,27,
3998	19,47,
3999	7,15,19,40,
4000	17,36,
4001	14,23,
4002	28,
4003	30,
4004	11,
4005	1,
4006	45,47,
4007	41,46,49,
4008	10,15,28,48,
4009	11,33,
4010	31,
4011	10,22,31,
4012	35,37,
4013	28,
4014	19,35,
4015	17,44,
4016	14,20,28,33,45,
4017	20,25,
4018	37,40,
4019	34,
4020	15,31,
4021	16,30,34,36,
4022	13,
4023	3,5,
4024	5,
4025	3,8,33,
4026	16,28,38,
4027	2,5,16,37,41,
4028	8,
4029	6,27,40,48,
4030	28,40,45,
4031	32,
4032	3,4,
4033	6,16,27,
4034	1,22,
4035	9,29,40,44,46,
4036	7,18,41,43,
4037	28,
4038	36,
4039	20,44,
4040	11,15,49,
4041	5,20,32,49,
4042	3,48,
4043	40,
4044	12,29,37,
4045	7,30,
4046	5,11,48,
4047	36,49,
4048	0,
4049	7,18,23,
4050	41,
4051	2,
4052	25,
4053	14,
4054	28,30,
4055	17,29,
4056	14,34,
4057	5,10,
4058	16,32,44,49,
4059	28,39,
4060	13,16,29,40,44,
4061	12,48,
4062	7,12,17,42,
4063	2,4,33,41,46,
4064	1,24,48,
4065	27,
4066	40,44,
4067	3,
4068	24,38,
4069	12,
4070	0,47,4,
4071	17,
4072	38,
4073	0,21,
4074	6,23,48,
4075	1,37,43,
4076	18,24,
4077	13,
4078	0,4,13,24,
4079	47,48,
4080	5,21,
4081	20,33,35,36,
4082	4,5,14,
4083	14,
4084	12,
4085	13,39,
4086	4,
4087	14,48,
4088	38,42,
4089	43,
4090	19,29,
4091	12,26,
4092	47,
4093	0,1,23,35,
4094	8,27,33,38,44,
4095	4,27,32,
4096	6,
4097	6,
4098	6,44,
4099	20,21,27,29,
4100	16,25,
4101	2,10,48,
4102	22,34,
4103	14,
4104	10,12,17,
4105	10,24,44,
4106	25,33,38,43,46,
4107	13,14,
4108	10,
4109	2,4,32,
4110	0,40,
4111	4,41,
4112	10,14,29,37,
4113	4,21,
4114	3,23,
4115	36,
4116	10,14,18,37,42,
4117	6,
4118	8,
4119	45,
4120	2,
4121	35,40,
4122	30,40,45,49,
4123	3,5,
4124	13,15,
4125	19,
4126	11,25,32,
4127	29,
4128	38,0,
4129	3,15,
4130	44,
4131	36,43,
4132	18,30,37,38,
4133	40,
4134	35,40,43,45,
4135	27,39,49,
4136	20,40,46,
4137	20,
4138	22,
4139	37,
4140	1,8,16,30,
4141	35,41,17,
4142	16,0,
4143	5,
4144	7,36,
4145	34,40,45,
4146	2,39,42,44,49,
4147	28,
4148	4,19,
4149	31,47,
4150	3,28,40,
4151	18,10,45,
4152	7,
4153	28,
4154	20,
4155	12,
4156	12,21,41,
4157	45,48,
4158	1,5,
4159	15,29,
4160	6,39,
4161	6,23,27,35,
4162	33,40,5,
4163	29,
4164	2,
4165	3,37,
4166	30,0,
4167	10,12,23,37,
4168	31,24,
4169	21,
4170	29,31,32,33,38,
4171	3,6,12,20,
4172	7,40,
4173	8,24,
4174	13,25,34,
4175	37,36,
4176	19,
4177	13,
4178	14,37,42,
4179	45,
4180	24,36,
4181	14,36,
4182	35,40,47,
4183	33,48,
4184	32,40,
4185	6,33,
4186	26,
4187	31,37,
4188	2,
4189	46,7,44,
4190	9,17,
4191	5,
4192	0,28,45,
4193	11,34,38,
4194	14,38,
4195	35,
4196	7,5,
4197	3,41,42,
4198	4,11,37,
4199	47,
4200	16,
4201	22,46,
4202	4,15,41,
4203	8,26,
4204	14,16,44,
4205	34,38,
4206	10,27,32,
4207	44,
4208	28,34,
4209	16,
4210	14,18,47,
4211	12,20,24,
4212	25,38,48,
4213	18,41,
4214	0,11,14,36,
4215	28,
4216	13,17,21,28,33,37,
4217	1,10,43,45,
4218	0,12,
4219	12,13,16,22,38,
4220	15,
4221	21,23,
4222	24,44,33,
4223	11,17,
4224	5,13,34,
4225	12,24,
4226	21,32,39,46,47,
4227	34,
4228	17,31,
4229	42,
4230	30,37,
4231	13,
4232	11,43,
4233	7,33,35,
4234	11,18,44,
4235	25,
4236	14,28,
4237	14,28,30,37,46,
4238	46,7,
4239	4,14,18,37,
4240	29,
4241	1,24,27,
4242	29,36,49,
4243	0,1,3,32,
4244	1,
4245	10,
4246	46,
4247	17,29,
4248	12,
4249	34,39,
4250	9,44,
4251	15,5,
4252	25,
4253	6,9,40,
4254	18,23,49,
4255	9,17,
4256	43,
4257	0,2,5,
4258	2,40,42,43,
4259	32,35,
4260	0,21,
4261	48,
4262	24,42,
4263	1,49,
4264	21,38,
4265	18,
4266	40,46,
4267	13,18,37,38,43,48,
4268	17,
4269	6,
4270	6,23,48,
4271	28,
4272	19,44,
4273	39,
4274	8,13,32,
4275	2,30,
4276	43,
4277	16,32,
4278	43,26,34,
4279	16,37,
4280	14,5,16,
4281	12,18,
4282	43,
4283	20,21,45,
4284	33,34,
4285	6,16,25,
4286	22,
4287	2,4,22,
4288	7,13,
4289	1,27,30,44,
4290	22,
4291	1,15,48,
4292	33,
4293	7,35,
4294	0,
4295	21,45,
4296	6,26,
4297	3,16,
4298	24,28,29,40,
4299	30,
4300	30,47,
4301	42,
4302	6,18,35,
4303	13,16,44,47,
4304	4,
4305	36,38,39,
4306	12,
4307	13,22,
4308	1,23,38,41,
4309	0,
4310	20,42,47,49,
4311	24,49,
4312	17,
4313	19,31,34,
4314	35,34,
4315	0,39,
4316	22,
4317	6,29,
4318	23,38,40,
4319	6,
4320	14,48,
4321	10,21,31,
4322	2,35,
4323	7,6,
4324	14,18,19,44,45,
4325	7,
4326	11,19,45,
4327	27,
4328	12,33,35,38,
4329	17,
4330	1,2,38,
4331	13,
4332	10,20,25,
4333	36,
4334	2,3,47,
4335	5,19,
4336	7,
4337	7,
4338	41,
4339	22,30,
4340	27,
4341	7,
4342	17,
4343	16,26,
4344	31,
4345	2,
4346	0,13,45,
4347	1,32,33,47,48,
4348	17,30,
4349	6,17,
4350	42,
4351	3,33,
4352	44,10,
4353	8,10,20,24,
4354	49,34,17,
4355	5,34,
4356	18,6,20,
4357	23,33,36,46,
4358	10,18,22,
4359	26,37,40,
4360	13,20,46,
4361	19,30,35,44,
4362	6,9,25,
4363	3,36,40,43,
4364	10,11,26,37,
4365	34,37,46,47,
4366	5,35,47,48,
4367	41,
4368	27,40,
4369	2,38,
4370	11,
4371	23,38,47,
4372	35,40,
4373	47,
4374	41,
4375	31,39,
4376	2,25,35,
4377	3,5,29,
4378	5,
4379	9,11,26,27,47,
4380	1,
4381	13,
4382	23,35,
4383	3,
4384	27,28,40,
4385	3,21,
4386	14,35,46,
4387	22,35,41,
4388	1,35,
4389	11,29,49,
4390	26,41,
4391	11,18,40,
4392	3,29,35,
4393	1,
4394	14,31,32,40,
4395	21,
4396	32,
4397	45,
4398	13,48,
4399	15,21,
4400	8,23,35,36,
4401	20,27,43,
4402	42,46,
4403	16,42,
4404	9,37,39,
4405	37,
4406	27,
4407	49,
4408	9,12,13,
4409	22,3,
4410	12,16,19,39,
4411	30,45,
4412	42,47,49,
4413	3,4,43,
4414	3,4,10,19,
4415	48,
4416	39,
4417	11,47,
4418	4,12,14,40,44,49,
4419	8,12,39,43,
4420	0,12,38,40,45,49,
4421	27,32,
4422	27,46,47,
4423	34,
4424	26,23,13,
4425	23,26,
4426	12,
4427	17,25,
4428	45,
4429	4,49,
4430	25,44,
4431	39,
4432	21,28,39,
4433	30,
4434	26,
4435	13,17,27,35,
4436	39,
4437	23,
4438	1,
4439	21,38,41,
4440	19,35,43,
4441	38,
4442	29,
4443	20,
4444	8,26,33,
4445	21,41,
4446	14,49,
4447	10,17,
4448	8,
4449	37,22,12,
4450	38,8,
4451	26,37,42,
4452	42,
4453	21,48,
4454	4,9,19,30,45,
4455	3,33,
4456	8,48,
4457	14,
4458	26,42,46,
4459	39,
4460	21,32,40,
4461	15,19,25,
4462	8,39,44,
4463	4,25,26,
4464	12,
4465	22,31,
4466	20,21,46,
4467	24,44,
4468	27,
4469	0,29,
4470	14,37,44,48,
4471	11,40,
4472	11,13,
4473	14,27,
4474	1,
4475	10,42,
4476	40,
4477	31,
4478	21,
4479	43,2,49,
4480	30,
4481	20,41,44,
4482	24,38,
4483	13,
4484	11,
4485	15,
4486	27,31,36,
4487	16,38,44,45,
4488	30,42,
4489	14,22,
4490	28,
4491	5,35,
4492	24,25,36,
4493	9,14,
4494	1,14,16,40,44,
4495	9,11,12,17,23,42,
4496	22,29,31,
4497	32,
4498	8,22,
4499	3,25,28,
4500	19,40,41,
4501	13,33,36,38,
4502	5,41,45,
4503	6,15,24,
4504	14,26,35,
4505	24,25,32,
4506	39,46,
4507	17,35,38,
4508	26,39,
4509	45,
4510	38,
4511	31,
4512	8,15,23,31,
4513	12,23,42,
4514	15,41,
4515	0,12,
4516	39,
4517	8,30,35,
4518	22,
4519	8,
4520	43,
4521	24,32,44,
4522	49,37,
4523	17,33,36,46,
4524	34,
4525	5,
4526	4,
4527	24,35,
4528	20,
4529	4,24,25,28,31,
4530	12,
4531	34,42,
4532	42,6,
4533	21,44,
4534	0,14,40,
4535	4,45,46,
4536	8,35,
4537	1,6,45,
4538	11,16,32,
4539	14,37,38,
4540	16,45,
4541	6,46,11,
4542	17,30,
4543	17,32,44,
4544	28,48,
4545	3,4,11,31,
4546	1,
4547	29,
4548	44,
4549	12,21,
4550	15,27,
4551	2,
4552	4,
4553	3,4,44,
4554	1,16,23,
4555	20,24,33,
4556	1,31,
4557	40,
4558	2,4,38,40,44,
4559	1,37,46,
4560	8,23,40,
4561	20,
4562	41,
4563	0,5,
4564	1,
4565	20,
4566	25,27,31,
4567	6,13,49,
4568	20,22,
4569	40,37,19,
4570	5,6,11,19,32,
4571	12,29,
4572	3,11,46,
4573	13,11,
4574	4,6,49,
4575	47,
4576	11,13,28,
4577	44,
4578	22,
4579	24,44,
4580	31,41,
4581	6,46,
4582	13,20,25,43,
4583	17,
4584	18,38,47,
4585	2,33,
4586	5,24,
4587	1,9,17,35,36,44,
4588	12,23,
4589	9,34,
4590	13,43,
4591	25,
4592	1,5,10,
4593	7,35,
4594	29,40,
4595	3,9,10,27,38,
4596	22,30,37,43,
4597	0,7,9,
4598	36,
4599	32,
4600	5,45,
4601	30,
4602	13,24,
4603	18,21,
4604	28,36,
4605	32,
4606	33,
4607	18,21,
4608	34,48,
4609	25,36,43,
4610	3,16,49,
4611	26,41,
4612	18,36,38,
4613	16,
4614	17,35,
4615	0,27,31,
4616	14,42,
4617	6,10,41,45,
4618	3,13,31,35,
4619	22,44,
4620	7,
4621	5,10,
4622	2,32,48,
4623	3,
4624	4,31,
4625	42,
4626	8,18,19,35,41,
4627	30,41,45,46,
4628	20,27,
4629	45,
4630	28,34,
4631	27,
4632	11,
4633	32,37,
4634	15,
4635	44,
4636	1,6,20,24,
4637	14,39,40,47,
4638	27,
4639	14,16,28,41,
4640	39,40,46,
4641	36,
4642	17,29,41,
4643	4,15,31,
4644	5,9,14,18,45,
4645	0,13,22,
4646	24,26,30,
4647	18,28,38,
4648	17,20,
4649	9,35,
4650	23,
4651	23,
4652	2,10,
4653	25,
4654	5,49,
4655	25,35,
4656	3,20,36,46,
4657	26,31,
4658	10,
4659	29,41,43,
4660	33,46,
4661	8,42,
4662	13,20,
4663	36,
4664	45,
4665	47,15,5,
4666	13,41,46,
4667	13,
4668	5,13,17,28,48,
4669	1,8,
4670	39,44,
4671	48,11,
4672	21,39,44,47,
4673	4,
4674	7,37,
4675	5,20,
4676	26,
4677	4,
4678	4,
4679	4,13,33,36,
4680	29,26,
4681	33,
4682	2,8,16,
4683	18,41,
4684	0,34,1,
4685	19,25,29,
4686	21,36,
4687	12,29,40,44,46,
4688	44,
4689	14,
4690	2,
4691	36,42,
4692	10,32,37,43,
4693	8,40,
4694	28,24,30,
4695	9,
4696	4,37,42,46,
4697	4,37,
4698	6,
4699	17,22,
4700	5,40,41,
4701	44,23,
4702	28,37,
4703	37,42,
4704	40,
4705	14,35,
4706	16,
4707	10,16,39,46,
4708	4,5,35,37,44,
4709	7,18,
4710	4,17,30,36,41,
4711	43,44,
4712	27,
4713	28,
4714	16,18,
4715	2,
4716	31,34,
4717	5,31,
4718	48,
4719	27,
4720	17,21,32,
4721	46,
4722	28,39,
4723	2,37,
4724	36,43,
4725	3,18,33,39,
4726	40,49,
4727	5,38,46,
4728	29,49,
4729	11,
4730	12,18,
4731	39,
4732	17,27,33,
4733	31,
4734	4,
4735	34,41,
4736	18,21,30,
4737	2,
4738	18,19,29,40,45,
4739	11,23,
4740	22,24,
4741	1,
4742	33,
4743	11,19,23,44,46,
4744	10,
4745	16,49,13,
4746	2,13,
4747	0,3,22,
4748	2,21,22,29,
4749	2,42,47,
4750	8,12,
4751	18,38,40,
4752	44,
4753	22,47,
4754	6,8,12,19,27,
4755	23,25,29,
4756	31,
4757	0,5,37,
4758	42,
4759	21,31,43,
4760	5,27,
4761	38,41,46,
4762	22,34,48,
4763	3,43,
4764	10,30,
4765	6,20,
4766	22,28,29,34,41,
4767	13,15,
4768	25,
4769	1,8,48,
4770	10,16,23,41,
4771	18,29,41,46,
4772	46,
4773	14,17,27,
4774	21,
4775	3,34,47,
4776	41,
4777	12,16,38,39,48,
4778	49,30,
4779	2,21,30,40,
4780	3,10,13,42,46,
4781	13,
4782	14,21,
4783	8,19,
4784	12,
4785	1,
4786	8,
4787	9,23,33,
4788	12,33,
4789	0,5,12,21,47,48,
4790	33,
4791	0,11,12,21,23,48,
4792	12,
4793	5,47,
4794	0,5,48,
4795	20,
4796	39,
4797	4,23,31,36,
4798	27,
4799	7,
4800	22,
4801	43,46,
4802	8,
4803	1,
4804	3,7,11,31,34,
4805	11,
4806	31,
4807	32,8,
4808	28,40,
4809	6,12,5,
4810	17,25,35,39,44,
4811	4,14,23,
4812	5,11,12,
4813	11,13,
4814	30,
4815	14,19,
4816	23,
4817	5,32,45,
4818	30,42,
4819	49,17,24,
4820	43,46,31,
4821	0,
4822	3,12,43,
4823	5,
4824	43,5,40,
4825	43,2,
4826	10,
4827	1,15,
4828	28,20,25,
4829	36,
4830	19,44,
4831	23,
4832	26,
4833	11,44,
4834	14,28,31,46,47,
4835	5,6,
4836	31,
4837	31,
4838	6,8,35,38,
4839	9,34,39,43,
4840	19,41,44,
4841	20,34,
4842	1,11,18,
4843	1,
4844	6,41,
4845	27,35,47,
4846	13,14,18,
4847	15,38,42,
4848	11,
4849	6,12,31,
4850	18,
4851	12,19,46,
4852	45,48,
4853	41,
4854	3,6,46,
4855	5,
4856	4,
4857	18,
4858	38,
4859	5,7,15,21,32,33,37,38,49,
4860	8,26,39,
4861	26,30,
4862	3,
4863	8,10,38,
4864	43,
4865	18,24,31,
4866	8,17,37,42,
4867	19,
4868	2,18,31,
4869	2,
4870	30,
4871	0,14,42,47,
4872	11,13,
4873	4,14,27,
4874	3,
4875	36,
4876	35,38,47,
4877	15,
4878	35,
4879	30,38,
4880	3,43,
4881	14,32,
4882	14,48,
4883	4,8,38,
4884	1,16,27,44,
4885	46,
4886	22,47,
4887	20,22,49,
4888	15,43,
4889	1,2,23,45,
4890	6,38,
4891	34,
4892	37,
4893	4,
4894	5,11,44,
4895	44,46,
4896	46,
4897	24,
4898	20,
4899	1,9,48,
4900	39,8,
4901	2,40,
4902	5,48,
4903	38,0,
4904	21,45,
4905	26,
4906	35,
4907	0,28,
4908	4,26,49,
4909	31,41,46,
4910	25,9,4,
4911	24,42,
4912	20,
4913	40,
4914	24,29,49,
4915	6,15,39,42,
4916	0,2,29,38,
4917	31,
4918	8,
4919	49,
4920	42,36,
4921	7,16,
4922	1,11,20,40,
4923	13,20,28,
4924	5,8,28,32,48,
4925	1,6,23,43,
4926	12,16,20,33,
4927	26,31,34,
4928	7,17,18,35,48,
4929	33,
4930	19,18,29,
4931	25,39,
4932	42,
4933	25,47,
4934	26,43,
4935	5,30,32,
4936	33,
4937	15,28,
4938	12,30,
4939	11,42,24,
4940	9,24,48,
4941	5,11,19,43,
4942	20,41,
4943	15,26,32,
4944	15,40,44,45,
4945	41,
4946	47,
4947	45,
4948	24,30,35,
4949	15,41,49,
4950	2,15,
4951	44,19,
4952	35,45,
4953	20,13,
4954	35,41,
4955	19,33,48,
4956	9,
4957	16,19,
4958	7,18,
4959	35,
4960	24,
4961	29,
4962	8,
4963	25,29,
4964	28,32,35,
4965	26,
4966	4,
4967	5,28,44,
4968	1,35,37,45,
4969	29,46,
4970	15,27,31,
4971	48,
4972	5,11,
4973	7,24,49,
4974	5,6,
4975	47,49,
4976	10,44,
4977	23,40,
4978	49,
4979	12,13,40,42,49,
4980	20,
4981	25,29,
4982	7,11,25,
4983	39,
4984	3,36,39,
4985	40,
4986	19,46,
4987	10,6,3,
4988	17,
4989	19,20,42,
4990	25,38,
4991	28,
4992	5,
4993	14,23,26,38,
4994	14,19,35,39,
4995	20,25,36,37,
4996	39,
4997	47,
4998	2,5,11,12,41,
4999	5,7,13,25,40,41,43,
